version: 1
creator: callgrind-3.8.1
pid: 19495
cmd:  ./um midmark.um
part: 1


desc: I1 cache: 
desc: D1 cache: 
desc: LL cache: 

desc: Timerange: Basic block 0 - 37310
desc: Trigger: Program termination

positions: instr line
events: Ir
summary: 174500


ob=(1) /lib64/ld-2.12.so
fl=(1) ???
fn=(28) malloc
0x3261016000 0 26
+3 0 26
+5 0 26
cfn=(32) __libc_memalign
calls=26 0x3261015f00 0 
* 0 706

fn=(66) _dl_catch_error
0x326100e130 0 5
+1 0 5
+7 0 5
+5 0 5
+5 0 5
+5 0 5
+5 0 5
+5 0 5
+9 0 5
cfn=(68) _dl_initial_error_catch_tsd
calls=5 0x3261000b50 0 
* 0 10
+6 0 5
+4 0 5
+3 0 5
+5 0 5
+2 0 5
+8 0 5
cfn=(70) __sigsetjmp
calls=5 0x3261017030 0 
* 0 95
+5 0 5
+2 0 5
+2 0 5
+2 0 5
+4 0 5
+5 0 5
+5 0 5
+3 0 5
cfn=(102) openaux
calls=4 0x326100c280 0 
* 0 10358
cfn=(72) map_doit
calls=1 0x32610016c0 0 
* 0 2166
+4 0 5
+8 0 5
+4 0 5
+3 0 5
+5 0 5
+5 0 5
+7 0 5
+5 0 5
+7 0 5
+3 0 5
+2 0 5
+7 0 5
+1 0 5

fn=(68)
0x3261000b50 0 6
+7 0 6

fn=(98) access
0x3261016da0 0 1
+5 0 1
+2 0 1
+6 0 1
+2 0 1
+1 0 1
+7 0 1
+2 0 1
+3 0 1
+2 0 1
+4 0 1

fn=(138) _dl_lookup_symbol_x
0x3261009cf0 0 108
+1 0 108
+3 0 108
+2 0 108
+6 0 108
+2 0 108
+3 0 108
+2 0 108
+3 0 108
+2 0 108
+3 0 108
+5 0 108
+1 0 108
+7 0 108
+7 0 108
+7 0 108
+7 0 108
+3 0 108
+3 0 108
+2 0 108
+2 0 108
+9 0 108
+3 0 108
+3 0 108
+4 0 108
+4 0 108
+4 0 108
+4 0 108
+3 0 108
+2 0 108
-27 0 1244
+3 0 1244
+3 0 1244
+4 0 1244
+4 0 1244
+4 0 1244
+4 0 1244
+3 0 1244
+2 0 1244
+2 0 108
+3 0 108
+4 0 108
+8 0 108
+5 0 108
+6 0 108
+4 0 108
+8 0 108
+8 0 108
+6 0 108
+7 0 108
+11 0 108
+3 0 108
+3 0 108
+6 0 108
+4 0 108
+4 0 108
+7 0 108
+7 0 108
+7 0 108
+7 0 108
+5 0 6
+5 0 6
+6 0 6
+4 0 6
+2 0 6
+3 0 6
+3 0 6
+2 0 108
+6 0 108
+4 0 108
+3 0 108
+3 0 108
+7 0 108
+5 0 108
+5 0 108
+4 0 108
+5 0 108
+4 0 108
+4 0 108
+7 0 108
+7 0 108
+4 0 108
cfn=(140) do_lookup_x
calls=108 0x3261009360 0 
* 0 50330
+5 0 108
+2 0 108
+2 0 108
+4 0 108
+3 0 108
+6 0 102
+4 0 102
+3 0 102
+2 0 102
+4 0 102
+3 0 102
+3 0 102
+6 0 102
+4 0 102
+3 0 102
+7 0 102
+3 0 102
+2 0 102
+6 0 102
+6 0 102
+2 0 102
+6 0 102
+6 0 102
+5 0 102
+6 0 102
+4 0 102
+4 0 102
+4 0 102
+4 0 102
+1 0 102
+2 0 102
+2 0 102
+2 0 102
+2 0 102
+1 0 102
-14 0 6
+4 0 6
+1 0 6
+2 0 6
+2 0 6
+2 0 6
+2 0 6
+1 0 6
0x326100a178 0 6
+4 0 6
+3 0 6
+2 0 6
+4 0 6
+3 0 6
+2 0 6
+9 0 6
+8 0 6
+2 0 6
0x326100a4e4 0 1
+10 0 1

fn=(24) calloc
0x32610160b0 0 10
+3 0 10
+3 0 10
+5 0 10
+3 0 10
+4 0 10
+3 0 10
+2 0 10
+3 0 10
cfn=(28)
calls=10 0x3261016000 0 
* 0 336

fn=(48) _dl_init_paths
0x3261006500 0 1
+1 0 1
+7 0 1
+7 0 1
+3 0 1
+2 0 1
+2 0 1
+2 0 1
+2 0 1
+1 0 1
+3 0 1
+4 0 1
+7 0 1
+7 0 1
cfn=(50) _dl_important_hwcaps
calls=1 0x3261014fb0 0 
* 0 326
+5 0 1
+5 0 1
+7 0 1
cfn=(28)
calls=1 0x3261016000 0 
* 0 28
+5 0 1
+3 0 1
+3 0 1
+7 0 1
+6 0 1
+7 0 1
+10 0 1
+8 0 1
+3 0 1
+4 0 1
+4 0 1
+5 0 1
+4 0 1
cfn=(28)
calls=1 0x3261016000 0 
* 0 28
+5 0 1
+4 0 1
+7 0 1
+4 0 1
+6 0 1
+4 0 1
+3 0 1
+7 0 1
+4 0 1
+4 0 1
+7 0 1
+4 0 1
+7 0 1
+10 0 1
+7 0 1
+3 0 1
+3 0 1
+4 0 1
+4 0 1
+7 0 1
+4 0 1
+4 0 1
+3 0 1
+4 0 1
+4 0 1
+8 0 1
+4 0 1
+5 0 1
-47 0 1
+4 0 1
+7 0 1
+4 0 1
+4 0 1
+3 0 1
+4 0 1
+4 0 1
+8 0 1
+4 0 1
+5 0 1
+6 0 2
+4 0 2
+5 0 2
+3 0 2
+4 0 2
+3 0 2
+3 0 2
+3 0 2
+3 0 2
+4 0 2
+3 0 2
+6 0 2
+2 0 2
+5 0 2
+8 0 2
+4 0 2
+3 0 2
-15 0 2
+8 0 2
+4 0 2
+3 0 2
+2 0 2
+3 0 2
+2 0 2
+3 0 2
+3 0 2
+3 0 2
+4 0 2
+8 0 2
+3 0 2
+42 0 4
+8 0 4
+4 0 4
+3 0 4
+2 0 2
+4 0 2
+2 0 1
+4 0 1
+4 0 1
+6 0 1
+4 0 1
+7 0 1
+7 0 1
+8 0 1
+7 0 1
+11 0 1
+3 0 1
+2 0 1
+8 0 1
+3 0 1
+54 0 1
+3 0 1
+6 0 1
+3 0 1
+6 0 1
+5 0 1
+3 0 1
cfn=(54) index
calls=1 0x3261017310 0 
* 0 43
+5 0 1
+3 0 1
+6 0 1
+3 0 1
cfn=(10) strlen
calls=1 0x32610174a0 0 
* 0 86
+5 0 1
+4 0 1
+4 0 1
+3 0 1
+4 0 1
+3 0 1
+5 0 1
+4 0 1
cfn=(34) memcpy
calls=1 0x32610184b0 0 
* 0 31
+5 0 1
+3 0 1
+3 0 1
+5 0 1
+5 0 1
+2 0 1
+2 0 1
+5 0 1
+3 0 1
+2 0 1
+4 0 1
+4 0 1
+3 0 1
+2 0 1
-18 0 26
+3 0 26
+2 0 26
+4 0 26
+4 0 26
+3 0 26
+2 0 26
+2 0 1
+8 0 1
cfn=(28)
calls=1 0x3261016000 0 
* 0 28
+5 0 1
+3 0 1
+7 0 1
+6 0 1
+6 0 1
+7 0 1
+7 0 1
+3 0 1
+3 0 1
+3 0 1
cfn=(56) fillin_rpath
calls=1 0x3261004cb0 0 
* 0 993
+5 0 1
+7 0 1
+4 0 1
+6 0 1
+10 0 1
+13 0 1
+7 0 1
+7 0 1
+4 0 1
+1 0 1
+2 0 1
+2 0 1
+2 0 1
+2 0 1
+1 0 1
+9 0 1
+8 0 1
+12 0 1
+3 0 1
+55 0 1
+12 0 1

fn=(72)
0x32610016c0 0 1
+1 0 1
+3 0 1
+4 0 1
+4 0 1
+3 0 1
+3 0 1
+2 0 1
+5 0 1
cfn=(74) _dl_map_object
calls=1 0x32610081d0 0 
* 0 2154
+5 0 1
+4 0 1
+1 0 1

fn=(84) read
0x3261016d40 0 3
+5 0 3
+2 0 3
+6 0 3
+2 0 3

fn=(94) memset
0x3261017d30 0 12
+4 0 12
+3 0 12
+6 0 12
+10 0 12
+3 0 12
+4 0 12
+4 0 12
+7 0 12
+6 0 11
+3 0 11
+7 0 11
+7 0 11
+5 0 11
+4 0 11
0x3261017dee 0 1
+4 0 1
+4 0 1
+4 0 1
+4 0 1
+4 0 1
+4 0 1
+4 0 1
+4 0 1
+4 0 1
+4 0 1
+4 0 1
+4 0 1
-44 0 1
+4 0 1
+4 0 1
+4 0 1
+4 0 1
+4 0 1
+4 0 1
+4 0 1
+4 0 1
+4 0 1
+4 0 1
+4 0 1
-8 0 1
+4 0 1
+4 0 1
-4 0 2
+4 0 2
0x3261017ef6 0 1
+4 0 1
+4 0 1
+4 0 1
+4 0 1
+4 0 1
+4 0 1
+4 0 1
+4 0 1
+4 0 1
+3 0 1
-11 0 2
+4 0 2
+4 0 2
+3 0 2
-7 0 2
+4 0 2
+3 0 2
-3 0 2
+3 0 2
0x3261018040 0 1
+7 0 1
+3 0 1
+4 0 1
+3 0 1
+4 0 1
+3 0 1
+3 0 1
+7 0 1
+7 0 1
+5 0 1
+4 0 1
+20 0 1
+4 0 1
0x32610180fa 0 1
+6 0 1
+7 0 1
+6 0 1
+3 0 1
+3 0 1
+4 0 1
+2 0 1
+7 0 1
+3 0 1
+3 0 1
+4 0 1
+4 0 1
+4 0 1
+4 0 1
+4 0 1
+4 0 1
+4 0 1
+4 0 1
+4 0 1
+4 0 1
+4 0 1
+4 0 1
+4 0 1
+4 0 1
+4 0 1
+7 0 1
-73 0 3
+3 0 3
+3 0 3
+4 0 3
+4 0 3
+4 0 3
+4 0 3
+4 0 3
+4 0 3
+4 0 3
+4 0 3
+4 0 3
+4 0 3
+4 0 3
+4 0 3
+4 0 3
+4 0 3
+4 0 3
+7 0 3
+2 0 1
+4 0 1
+4 0 1
+7 0 1
+7 0 1
+5 0 1
+4 0 1

fn=(116) local_strdup
0x3261004c50 0 2
+5 0 2
+5 0 2
+4 0 2
+3 0 2
cfn=(10)
calls=2 0x32610174a0 0 
* 0 129
+5 0 2
+4 0 2
+3 0 2
cfn=(28)
calls=2 0x3261016000 0 
* 0 56
+5 0 2
+3 0 2
+2 0 2
+3 0 2
+3 0 2
+5 0 2
+5 0 2
+3 0 2
+4 0 2
cfn=(34)
calls=2 0x32610184b0 0 
* 0 54

fn=(34)
0x32610184b0 0 19
+4 0 19
+3 0 19
+2 0 19
+3 0 19
+2 0 3
+3 0 3
+2 0 3
+3 0 3
+3 0 3
+3 0 3
-3 0 16
+3 0 16
+2 0 5
+3 0 5
+3 0 5
+4 0 5
+4 0 5
+4 0 5
+3 0 5
-3 0 14
+3 0 14
+2 0 1
+2 0 1
+2 0 1
+4 0 1
+4 0 1
+3 0 1
-3 0 18
+3 0 18
+2 0 9
+3 0 9
+3 0 9
+4 0 9
+4 0 9
+6 0 9
-6 0 10
+6 0 10
+2 0 10
+4 0 10
+3 0 10
+4 0 10
+3 0 10
+4 0 10
+3 0 10
+4 0 10
+4 0 10
+2 0 19
+5 0 4
+5 0 4
+2 0 4
+3 0 4
+54 0 4
+7 0 4
+2 0 4
+2 0 4
+3 0 4
+2 0 4
+2 0 4
+3 0 4
+4 0 4
+4 0 4
+4 0 4
+3 0 4
+4 0 4
+4 0 4
+4 0 4
+4 0 4
+4 0 4
+56 0 4
+3 0 4
+5 0 4

fn=(120) _dl_receive_error
0x326100e0b0 0 1
+5 0 1
+5 0 1
+3 0 1
+3 0 1
+5 0 1
+5 0 1
+5 0 1
+5 0 1
+4 0 1
+3 0 1
cfn=(68)
calls=1 0x3261000b50 0 
* 0 2
+6 0 1
+7 0 1
+3 0 1
+3 0 1
+7 0 1
+3 0 1
+7 0 1
cfn=(122) version_check_doit
calls=1 0x32610025d0 0 
* 0 3411
+2 0 1
+4 0 1
+7 0 1
+5 0 1
+5 0 1
+5 0 1
+5 0 1
+5 0 1
+5 0 1
+4 0 1

fn=(122)
0x32610025d0 0 1
+1 0 1
+3 0 1
+3 0 1
+7 0 1
+5 0 1
cfn=(124) _dl_check_all_versions
calls=1 0x326100ffe0 0 
* 0 3401
+5 0 1
+2 0 1
+8 0 1
+1 0 1

fn=(136) _dl_relocate_object
0x326100b2f0 0 5
+1 0 5
+3 0 5
+2 0 5
+2 0 5
+2 0 5
+2 0 5
+3 0 5
+4 0 5
+1 0 5
+3 0 5
+7 0 5
+6 0 5
+7 0 5
+6 0 5
+2 0 5
+2 0 5
+8 0 5
+3 0 5
+2 0 5
+6 0 5
+7 0 5
+6 0 5
+6 0 5
+2 0 5
+6 0 5
+7 0 5
+6 0 5
+8 0 5
+6 0 5
+11 0 5
+4 0 5
+3 0 5
+3 0 5
+4 0 5
+7 0 5
+6 0 2
+3 0 2
+7 0 2
+6 0 5
+4 0 5
+2 0 5
+2 0 5
+7 0 5
+8 0 5
+8 0 5
+8 0 5
+3 0 5
+2 0 5
+4 0 5
+7 0 5
+4 0 5
+4 0 5
+4 0 5
+8 0 5
+6 0 5
+7 0 5
+3 0 5
+4 0 5
+6 0 3
+4 0 3
+4 0 3
+4 0 3
+3 0 3
+4 0 3
+4 0 3
+4 0 3
+4 0 3
+4 0 3
+3 0 3
+4 0 3
+3 0 3
+4 0 3
+4 0 3
+2 0 3
+7 0 3
+4 0 3
+4 0 3
+7 0 3
-46 0 2
+4 0 2
+3 0 2
+4 0 2
+3 0 2
+4 0 2
+4 0 2
+2 0 2
+7 0 2
+4 0 2
+4 0 2
+7 0 2
+2 0 5
+3 0 5
+2 0 3
+3 0 3
+4 0 3
+3 0 3
+3 0 3
+4 0 3
-14 0 29
+4 0 29
+3 0 29
+3 0 29
+4 0 29
+6 0 32
+7 0 32
+3 0 32
+6 0 21
+4 0 21
+4 0 21
+3 0 21
-7 0 11
+4 0 11
+3 0 11
+2 0 10
+7 0 10
+4 0 10
+6 0 5
+4 0 5
+3 0 5
+3 0 5
+3 0 5
+3 0 5
+3 0 5
+4 0 5
+4 0 5
+2 0 5
+4 0 5
+3 0 5
+4 0 5
+2 0 5
+4 0 5
+3 0 5
+4 0 5
+4 0 5
+7 0 5
+3 0 5
+2 0 4
+3 0 4
+10 0 4
+3 0 4
+4 0 4
+3 0 4
+4 0 4
+4 0 4
+4 0 4
+7 0 4
+4 0 4
+3 0 4
-14 0 1
+7 0 1
+4 0 1
+3 0 1
+2 0 4
+3 0 4
+6 0 3
+8 0 3
+6 0 4
+7 0 4
+3 0 4
+6 0 4
+4 0 4
+3 0 4
+7 0 4
+6 0 4
+7 0 4
+7 0 4
+5 0 4
+4 0 4
+7 0 4
+4 0 4
+7 0 4
+4 0 4
+7 0 4
+3 0 4
+4 0 4
+4 0 4
+4 0 4
+4 0 4
+4 0 4
+4 0 4
+4 0 4
-64 0 112
+4 0 112
+7 0 112
+4 0 112
+7 0 112
+4 0 112
+7 0 112
+3 0 112
+4 0 112
+4 0 112
+4 0 112
+4 0 112
+4 0 112
+4 0 112
+4 0 112
+6 0 116
+3 0 116
+6 0 116
+6 0 116
+3 0 116
+3 0 116
+3 0 116
+2 0 116
+6 0 103
+7 0 103
+6 0 99
+4 0 99
+3 0 99
+4 0 99
+3 0 99
+2 0 99
+2 0 99
-2 0 1
+2 0 1
+6 0 88
+4 0 88
+6 0 88
+4 0 88
+6 0 88
+2 0 88
+4 0 88
+3 0 88
+3 0 88
+4 0 88
+4 0 88
+6 0 88
+4 0 88
+3 0 88
+3 0 88
+4 0 88
+4 0 88
+7 0 88
+3 0 88
+7 0 88
-52 0 12
+3 0 12
+4 0 12
+4 0 12
+6 0 12
+4 0 12
+3 0 12
+3 0 12
+4 0 12
+4 0 12
+7 0 12
+3 0 12
+7 0 12
+2 0 100
+4 0 100
+5 0 100
+2 0 100
+4 0 100
+2 0 100
+7 0 100
+3 0 100
+7 0 100
+7 0 100
+9 0 100
+7 0 100
cfn=(138)
calls=100 0x3261009cf0 0 
* 0 66470
+5 0 100
+3 0 100
+4 0 100
+7 0 100
+7 0 100
+2 0 100
+3 0 100
-5 0 16
+2 0 16
+3 0 16
+2 0 112
+4 0 112
+4 0 112
+3 0 112
+3 0 112
+3 0 112
+6 0 116
+4 0 116
+19 0 5
+6 0 5
+2 0 5
+6 0 5
+7 0 5
+8 0 5
+6 0 5
+8 0 5
+2 0 3
+3 0 3
cfn=(150) _dl_protect_relro
calls=3 0x326100b120 0 
* 0 72
+5 0 3
+5 0 3
+4 0 3
+1 0 3
+2 0 3
+2 0 3
+2 0 3
+2 0 3
+1 0 3
-14 0 2
+4 0 2
+1 0 2
+2 0 2
+2 0 2
+2 0 2
+2 0 2
+1 0 2
+10 0 3
+3 0 3
+29 0 3
+8 0 3
+6 0 3
+4 0 3
+4 0 3
+4 0 3
+3 0 3
+6 0 3
+6 0 3
+4 0 3
+2 0 3
+6 0 3
+7 0 3
+3 0 3
+4 0 3
+7 0 3
+6 0 3
+8 0 5
+8 0 5
+8 0 5
+8 0 2
+4 0 2
+3 0 2
+6 0 2
+4 0 2
+4 0 2
+4 0 2
+3 0 2
+4 0 2
+80 0 3
+4 0 3
+7 0 3
+6 0 1
+15 0 116
+7 0 116
+4 0 116
+3 0 116
+2 0 100
+4 0 100
+4 0 100
+7 0 100
+3 0 100
+6 0 3
+8 0 10
+4 0 10
+3 0 10
+2 0 10
+7 0 10
+4 0 10
+6 0 10
+4 0 10
+4 0 10
+4 0 10
+3 0 10
+3 0 10
+7 0 10
+61 0 1
+3 0 1
+6 0 1
+7 0 1
+4 0 1
+3 0 1
+7 0 1
0x326100b968 0 2
+4 0 2
+3 0 2
+4 0 2
cob=(3) /lib64/libc-2.12.so
cfi=(3) ???
cfn=(148) strncasecmp
calls=1 0x3261487140 0 
* 0 6
cob=(3)
cfi=(3)
cfn=(144) strcasecmp
calls=1 0x3261484e80 0 
* 0 64
+2 0 2
+3 0 2
+7 0 2
+17 0 3
+4 0 3
+3 0 3
+6 0 3
+5 0 3
+4 0 3
+3 0 3
+5 0 3
cfn=(34)
calls=3 0x32610184b0 0 
* 0 54
+5 0 3
+4 0 3
+5 0 3
+4 0 3
+6 0 3
+74 0 12
+5 0 12
+11 0 2
+3 0 2
+6 0 1
+7 0 1
+3 0 1
+4 0 1
+3 0 1
+4 0 1
+3 0 1
+4 0 1
+2 0 1
+7 0 1
+3 0 1
+6 0 1
+3 0 1
+6 0 1
+7 0 1
+7 0 1
+2 0 1
+4 0 1
+4 0 1
+7 0 1
+4 0 1
+3 0 1
+4 0 1
+4 0 1
+4 0 1
+4 0 1
+4 0 1
+4 0 1
-46 0 2
+4 0 2
+4 0 2
+7 0 2
+4 0 2
+3 0 2
+4 0 2
+4 0 2
+4 0 2
+4 0 2
+4 0 2
+4 0 2
+6 0 3
+3 0 3
+6 0 3
+6 0 3
+3 0 3
+3 0 3
+3 0 3
+2 0 3
+6 0 3
+7 0 3
+6 0 3
+4 0 3
+3 0 3
+4 0 3
+3 0 3
+2 0 3
+2 0 3
+6 0 3
+4 0 3
+6 0 3
+4 0 3
+6 0 3
+2 0 3
+4 0 3
+3 0 3
+3 0 3
+4 0 3
+7 0 3
+4 0 3
+7 0 3
+3 0 3
+3 0 3
+3 0 3
+3 0 3
+4 0 3
+7 0 3
+2 0 3
+7 0 3
+7 0 3
+9 0 3
+7 0 3
cfn=(138)
calls=3 0x3261009cf0 0 
* 0 1726
+5 0 3
+3 0 3
+4 0 3
+7 0 3
+7 0 3
+2 0 3
+3 0 3
+2 0 1
+4 0 1
+4 0 1
+3 0 1
+3 0 1
+3 0 1
+6 0 3
+4 0 3
+6 0 3
+7 0 3
+4 0 3
+3 0 3
+2 0 1
+3 0 1
+7 0 1
+4 0 1
+7 0 1
+5 0 3
+4 0 3
+3 0 3
+7 0 3
+4 0 3
+7 0 3
+6 0 1
0x326100bdd8 0 11
+3 0 11
+7 0 11
+4 0 11
+4 0 11
+20 0 4
+4 0 4
+3 0 4
+4 0 4
+3 0 4
+2 0 4
+2 0 4
+4 0 4
+2 0 4
+4 0 4
+2 0 4
+2 0 4
+4 0 4
+3 0 4
+2 0 4
+4 0 4
+3 0 4
+2 0 4
+2 0 4
+6 0 4
+6 0 3
+7 0 3
+8 0 3
+7 0 3
+4 0 3

fn=(156) _dl_sysdep_start_cleanup
0x3261014dd0 0 1

fn=(0) 0x0000003261000b00
0x3261000b00 0 1
+3 0 1
cfn=(2) _dl_start
calls=1 0x3261001130 0 
* 0 104447
+5 0 1
+3 0 1
+6 0 1
+1 0 1
+4 0 1
+2 0 1
+1 0 1
+3 0 1
+3 0 1
+4 0 1
+7 0 1
+5 0 1
+4 0 1
+2 0 1
cfn=(164) _dl_init
calls=1 0x326100e470 0 
* 0 2362
+5 0 1
+7 0 1
+3 0 1
cob=(6) /h/icross01/Desktop/Comp40/um/profile/final_submission_potential/um
cfi=(6) ???
cfn=(228) 0x0000000000400a90
calls=1 0x400a90 0 
* 0 67672

fn=(2)
0x3261001130 0 1
+1 0 1
+3 0 1
+2 0 1
+2 0 1
+2 0 1
+2 0 1
+1 0 1
+3 0 1
+4 0 1
+2 0 1
+4 0 1
+2 0 1
+3 0 1
+7 0 1
+7 0 1
+7 0 1
+3 0 1
+7 0 1
+7 0 1
+3 0 1
+7 0 1
+3 0 1
+2 0 1
+7 0 1
+5 0 1
+6 0 1
+6 0 1
+6 0 1
+6 0 1
+6 0 1
+2 0 14
+8 0 14
+4 0 14
+3 0 14
+3 0 14
-10 0 3
+4 0 3
+3 0 3
+3 0 3
+2 0 22
+4 0 22
+2 0 8
+3 0 8
+3 0 8
+4 0 8
+6 0 5
+3 0 5
+3 0 5
+4 0 5
+4 0 5
+3 0 5
+3 0 5
+2 0 1
+7 0 1
+3 0 1
0x3261001366 0 1
+7 0 1
+8 0 1
+6 0 1
+2 0 1
+3 0 1
+3 0 1
+2 0 1
+2 0 1
+3 0 1
+2 0 1
+2 0 1
+2 0 1
+2 0 1
+4 0 1
+3 0 1
+4 0 1
+3 0 1
+4 0 1
+2 0 1
+4 0 1
+2 0 1
+3 0 1
+3 0 1
+3 0 1
+3 0 1
+3 0 1
+3 0 1
+3 0 1
+4 0 1
+2 0 1
+2 0 1
+2 0 1
+2 0 1
+4 0 1
+2 0 1
+4 0 1
+2 0 1
+3 0 1
+3 0 1
+3 0 1
+3 0 1
+4 0 1
+2 0 1
+2 0 1
+2 0 1
+2 0 1
+4 0 1
+2 0 1
+4 0 1
+2 0 1
+3 0 1
+3 0 1
+3 0 1
+3 0 1
+4 0 1
+2 0 1
+2 0 1
+2 0 1
+2 0 1
+4 0 1
+4 0 1
+2 0 1
+2 0 1
+3 0 1
+3 0 1
+3 0 1
+3 0 1
+4 0 1
+7 0 1
+7 0 1
cfn=(4) _dl_setup_hash
calls=1 0x3261009160 0 
* 0 24
+5 0 1
+7 0 1
+7 0 1
+7 0 1
+7 0 1
+7 0 1
+7 0 1
+7 0 1
+7 0 1
+2 0 1
+7 0 1
+4 0 1
+2 0 1
+3 0 1
+3 0 1
+7 0 1
+7 0 1
cfn=(6) _dl_sysdep_start
calls=1 0x32610157f0 0 
* 0 104052
+5 0 1
+3 0 1
+2 0 1
+7 0 1
+7 0 1
+6 0 1
+4 0 1
+3 0 1
+1 0 1
+2 0 1
+2 0 1
+2 0 1
+2 0 1
+1 0 1
+2 0 3
+3 0 3
+2 0 3
+3 0 3
+24 0 3
+3 0 3
+3 0 3
+4 0 3
+2 0 2
+3 0 2
+3 0 2
+4 0 2
+10 0 1
+3 0 1
+3 0 1
+4 0 1
+6 0 1
+3 0 1
+3 0 1
+4 0 1
+6 0 1
+8 0 1

fn=(20) _dl_new_object
0x326100acb0 0 4
+2 0 4
+3 0 4
+2 0 4
+2 0 4
+2 0 4
+1 0 4
+3 0 4
+1 0 4
+3 0 4
+3 0 4
+4 0 4
+4 0 4
+5 0 4
+5 0 4
cfn=(10)
calls=4 0x32610174a0 0 
* 0 194
+5 0 4
+7 0 4
+4 0 4
+3 0 4
+13 0 4
+8 0 4
+5 0 4
+5 0 4
cfn=(24)
calls=4 0x32610160b0 0 
* 0 179
+5 0 4
+3 0 4
+3 0 4
+5 0 4
+6 0 4
+8 0 4
+5 0 4
+5 0 4
+4 0 4
+4 0 4
+7 0 4
+4 0 4
+5 0 4
cfn=(34)
calls=4 0x32610184b0 0 
* 0 116
+5 0 4
+5 0 4
+4 0 4
+5 0 4
+5 0 4
+7 0 4
+9 0 4
+3 0 4
+3 0 4
+2 0 4
+7 0 4
+8 0 4
+6 0 4
+3 0 4
+8 0 4
+5 0 4
+2 0 1
+4 0 1
+2 0 1
+4 0 1
+4 0 1
+1 0 1
+8 0 1
+4 0 1
+3 0 1
-15 0 15
+8 0 15
+4 0 15
+3 0 15
+2 0 4
+4 0 4
+7 0 4
+8 0 4
+2 0 4
+12 0 4
+4 0 4
+8 0 4
+4 0 4
+2 0 4
+3 0 4
+2 0 3
+6 0 3
+5 0 3
+2 0 3
+8 0 3
+3 0 3
-3 0 1
+3 0 1
+2 0 1
+16 0 3
+7 0 3
+3 0 3
+2 0 3
+2 0 3
+6 0 3
+8 0 3
+7 0 3
+3 0 3
+36 0 1
+4 0 1
+3 0 1
+8 0 1
+8 0 1
+3 0 1
-22 0 3
+3 0 3
+8 0 3
+8 0 3
+3 0 3
+6 0 3
+3 0 3
cfn=(10)
calls=3 0x32610174a0 0 
* 0 141
+5 0 3
+4 0 3
+4 0 3
+5 0 3
0x326100af08 0 3
+8 0 3
+4 0 3
+3 0 3
+1 0 3
+1 0 3
+2 0 3
+2 0 3
+2 0 3
+2 0 3
-17 0 1
+4 0 1
+3 0 1
+1 0 1
+1 0 1
+2 0 1
+2 0 1
+2 0 1
+2 0 1
+7 0 4
+4 0 4
+5 0 4
+3 0 4
+3 0 4
+3 0 4
+7 0 4
+2 0 4
+5 0 4
+4 0 4
+12 0 1
+8 0 1
+2 0 1
+7 0 1
+7 0 4
+12 0 4
+12 0 1
+4 0 1
+2 0 1
+2 0 1
+6 0 1
+2 0 1
+23 0 1
+2 0 1
+3 0 1
+6 0 1
+2 0 3
+3 0 3
cfn=(28)
calls=3 0x3261016000 0 
* 0 84
+5 0 3
+3 0 3
+3 0 3
+3 0 3
+6 0 3
+5 0 3
+5 0 3
+3 0 3
cfn=(52) mempcpy
calls=3 0x3261018280 0 
* 0 103
+5 0 3
+11 0 50
+3 0 50
+4 0 50
+4 0 50
-8 0 3
+4 0 3
+4 0 3
+2 0 3
+3 0 3
+4 0 3
+3 0 3

fn=(38) rtld_lock_default_lock_recursive
0x3261000b60 0 6
+4 0 6

fn=(40) rtld_lock_default_unlock_recursive
0x3261000b70 0 6
+4 0 6

fn=(44) _dl_discover_osversion
0x3261014de0 0 1
+2 0 1
+1 0 1
+1 0 1
+7 0 1
+7 0 1
+3 0 1
0x3261014e91 0 1
+7 0 1
+1 0 1
+1 0 1
+2 0 1
+4 0 1
+3 0 1
+3 0 1
cfn=(46) uname
calls=1 0x3261016fa0 0 
* 0 5
+5 0 1
+2 0 1
+6 0 1
+7 0 1
+2 0 1
+2 0 1
+4 0 1
+3 0 1
+3 0 1
-10 0 2
+4 0 2
+3 0 2
+3 0 2
+2 0 3
+4 0 3
+3 0 3
+4 0 3
+3 0 3
+3 0 3
+4 0 3
+2 0 1
+7 0 1
+3 0 1
+3 0 1
+4 0 1
+4 0 1
+3 0 1
+3 0 1
+4 0 1
+2 0 3
+3 0 3
+3 0 3
+2 0 3
+3 0 3
+2 0 2
+3 0 2
+6 0 2
+4 0 2
+2 0 1
+3 0 1

fn=(52)
0x3261018280 0 32
+4 0 32
+2 0 32
+3 0 32
+2 0 13
+3 0 13
+2 0 13
+3 0 13
+3 0 13
+3 0 13
-3 0 19
+3 0 19
+2 0 20
+3 0 20
+3 0 20
+4 0 20
+4 0 20
+3 0 20
-3 0 12
+3 0 12
+2 0 11
+2 0 11
+2 0 11
+4 0 11
+4 0 11
+3 0 11
-3 0 21
+3 0 21
+2 0 18
+3 0 18
+3 0 18
+4 0 18
+4 0 18
+3 0 18
+6 0 18
-6 0 14
+6 0 14
+2 0 4
+8 0 4
+3 0 4
+4 0 4
+3 0 4
+4 0 4
+3 0 4
+4 0 4
+4 0 4
+2 0 32
+3 0 32
+2 0 1
+2 0 1
+3 0 1
+43 0 1
+7 0 1
+2 0 1
+2 0 1
+3 0 1
+2 0 1
+2 0 1
+3 0 1
+4 0 1
+4 0 1
+4 0 1
+3 0 1
+4 0 1
+4 0 1
+4 0 1
+4 0 1
+4 0 1
+56 0 1
+3 0 1

fn=(54)
0x3261017310 0 9
+4 0 9
+3 0 9
+4 0 9
+4 0 9
+4 0 9
+4 0 9
+3 0 9
+4 0 9
+5 0 9
+3 0 9
+4 0 9
+4 0 9
+4 0 9
+4 0 9
+2 0 9
+4 0 9
+4 0 9
+2 0 9
+2 0 9
+2 0 9
+2 0 9
+4 0 9
+4 0 9
+4 0 9
+4 0 9
+4 0 9
+4 0 9
+4 0 9
+2 0 9
+2 0 9
+3 0 9
+2 0 1
+3 0 1
+5 0 1
+2 0 1
+2 0 8
+2 0 8
* 0 1

fn=(62) _dl_debug_state
0x326100edc0 0 2

fn=(70)
0x3261017030 0 5
+3 0 5
+3 0 5
+7 0 5
+4 0 5
+4 0 5
+4 0 5
+4 0 5
+4 0 5
+4 0 5
+5 0 5
+7 0 5
+4 0 5
+4 0 5
+4 0 5
+7 0 5
+4 0 5
+4 0 5
+2 0 5

fn=(106) _xstat
0x3261016c60 0 8
+3 0 8
+3 0 8
+2 0 8
+3 0 8
+3 0 8
+5 0 8
+2 0 8
+6 0 8
+2 0 2
+19 0 6
+2 0 6
+6 0 6
+3 0 6

fn=(112) bcmp
0x3261017680 0 3
+2 0 3
+4 0 3
+2 0 3
+2 0 3
+2 0 3
+1 0 3
+1 0 3
+6 0 1
+4 0 1
+3 0 1
+57 0 1
+3 0 1
+3 0 1
+4 0 1
+6 0 1
+3 0 1
+4 0 1
+3 0 1
+3 0 1
+4 0 1
+6 0 1
+85 0 1
+4 0 1
+6 0 1
+3 0 1
+3 0 1
+4 0 1
+4 0 1
+4 0 1
+3 0 1
+4 0 1
+4 0 1
+65 0 1
+3 0 1
+3 0 1
+4 0 1
+4 0 1
+3 0 1
+3 0 1
-3 0 2
+3 0 2
+2 0 3
+3 0 3
+3 0 3
+3 0 3
+2 0 3
+4 0 3
+3 0 17
+3 0 17
+3 0 17
+3 0 17
+4 0 17
+3 0 17
+2 0 17
+4 0 17
+4 0 17
-4 0 3
+4 0 3
+2 0 3
+2 0 3
+1 0 3
+1 0 3
+2 0 3
+2 0 3
+2 0 3
+2 0 3
0x32610179f8 0 1
+3 0 1
0x3261017b03 0 1
+4 0 1

fn=(132) _dl_determine_tlsoffset
0x3261011670 0 1
+2 0 1
+7 0 1
+2 0 1
+1 0 1
+1 0 1
+4 0 1
+3 0 1
+6 0 1
+2 0 1
+3 0 1
+3 0 1
+6 0 1
+60 0 1
+7 0 1
+7 0 1
+3 0 1
+7 0 1
+4 0 1
+3 0 1
+3 0 1
+3 0 1
+4 0 1
+3 0 1
+3 0 1
+2 0 1
+5 0 1
+3 0 1
+4 0 1
+2 0 1
+3 0 1
+4 0 1
+4 0 1
+4 0 1
+4 0 1
+3 0 1
+11 0 1
+7 0 1
+4 0 1
+4 0 1
+3 0 1
+3 0 1
+2 0 1
+8 0 1
+2 0 1
+7 0 1
+7 0 1
+3 0 1
+1 0 1
+1 0 1
+2 0 1
+2 0 1
+4 0 1
+6 0 1
+7 0 1

fn=(154) _dl_allocate_tls_init
0x3261010e50 0 1
+2 0 1
+2 0 1
+2 0 1
+2 0 1
+1 0 1
+1 0 1
+4 0 1
+3 0 1
+5 0 1
+6 0 1
+4 0 1
+7 0 1
+3 0 1
+7 0 1
+3 0 1
+4 0 1
+3 0 1
+2 0 1
+3 0 1
+3 0 1
+3 0 1
+6 0 1
+4 0 1
+3 0 1
+6 0 1
+4 0 1
+3 0 1
+4 0 1
+5 0 1
+7 0 1
+5 0 1
+3 0 1
+3 0 1
+7 0 1
+4 0 1
+4 0 1
+7 0 1
+4 0 1
+6 0 1
+7 0 1
+7 0 1
+7 0 1
+4 0 1
+3 0 1
cfn=(52)
calls=1 0x3261018280 0 
* 0 23
+5 0 1
+3 0 1
+2 0 1
+3 0 1
cfn=(94)
calls=1 0x3261017d30 0 
* 0 27
+5 0 1
+4 0 1
+7 0 1
+3 0 1
+3 0 1
+3 0 1
+2 0 1
+4 0 1
+4 0 1
+3 0 1
+6 0 1
+4 0 1
+3 0 1
+2 0 1
+4 0 1
+7 0 1
+3 0 1
+4 0 1
+4 0 1
+81 0 1
+3 0 1
+5 0 1
+4 0 1
+1 0 1
+1 0 1
+2 0 1
+2 0 1
+2 0 1
+2 0 1

fn=(164)
0x326100e470 0 1
+2 0 1
+2 0 1
+3 0 1
+2 0 1
+2 0 1
+3 0 1
+1 0 1
+3 0 1
+1 0 1
+2 0 1
+4 0 1
+7 0 1
+7 0 1
+7 0 1
+3 0 1
+6 0 1
+3 0 1
+11 0 1
+8 0 1
+3 0 1
+3 0 1
-3 0 5
+3 0 5
+6 0 5
+8 0 5
+4 0 5
+3 0 5
+4 0 5
+8 0 5
+2 0 5
+2 0 4
+4 0 4
+3 0 4
+7 0 4
+3 0 4
+2 0 4
+6 0 3
+7 0 3
+3 0 3
+6 0 2
+7 0 2
+6 0 2
+3 0 2
+2 0 2
+4 0 2
+4 0 2
+3 0 2
+3 0 2
+2 0 2
cob=(2) ???
cfi=(2) ???
cfn=(206) 0x0000003261803d90
calls=1 0x3261803d90 0 
* 0 29
cob=(3)
cfi=(3)
cfn=(186) _init
calls=1 0x326141eaa0 0 
* 0 2135
+2 0 2
+7 0 2
+3 0 2
+89 0 1
+4 0 1
+1 0 1
+1 0 1
+2 0 1
+2 0 1
+2 0 1
+2 0 1
+82 0 1
+8 0 1
+87 0 1
+2 0 1
+6 0 1
+1 0 1
+5 0 1
+8 0 1
+2 0 1
+6 0 1
+4 0 1
+3 0 1
+7 0 1
+3 0 1
+2 0 1
+6 0 1
+7 0 1
+3 0 1
+6 0 1
+7 0 1
+2 0 1
+3 0 1
+2 0 1
+4 0 1
+4 0 1
+3 0 1
+5 0 1
+3 0 1
+2 0 1
cob=(2)
cfi=(2)
cfn=(166) 0x0000000004801448
calls=1 0x4801448 0 
* 0 29
+2 0 1
+5 0 1
+7 0 1
+3 0 1
0x326100e760 0 1
+11 0 1

fn=(360) _dl_sort_fini
0x326100e780 0 1
+1 0 1
+3 0 1
+2 0 1
+2 0 1
+2 0 1
+2 0 1
+1 0 1
+3 0 1
+4 0 1
+4 0 1
+4 0 1
+4 0 1
+4 0 1
+6 0 1
+3 0 1
+3 0 1
+3 0 1
+4 0 1
+4 0 1
+2 0 1
+4 0 1
+4 0 1
+3 0 1
+5 0 1
+4 0 1
+3 0 1
+4 0 1
cfn=(94)
calls=1 0x3261017d30 0 
* 0 19
+5 0 1
+3 0 1
+4 0 1
+3 0 1
+3 0 1
+4 0 1
+4 0 1
+4 0 1
+10 0 1
+4 0 1
+3 0 1
+4 0 1
+6 0 3
+4 0 3
+4 0 3
+2 0 3
+4 0 3
+4 0 3
+3 0 3
+4 0 3
cfn=(94)
calls=3 0x3261017d30 0 
* 0 52
+5 0 3
+4 0 3
+4 0 3
+3 0 3
+3 0 3
+4 0 3
+5 0 3
+3 0 3
+4 0 3
+3 0 3
-22 0 1
+3 0 1
+4 0 1
+5 0 1
+3 0 1
+4 0 1
+3 0 1
+2 0 4
+9 0 4
+2 0 4
+3 0 4
+3 0 4
+2 0 3
+3 0 3
+3 0 3
+4 0 3
+3 0 3
+7 0 3
+3 0 3
-20 0 3
+3 0 3
+4 0 3
+3 0 3
+7 0 3
+3 0 3
+2 0 3
+2 0 6
+3 0 6
+2 0 6
+4 0 6
+3 0 6
+3 0 6
-6 0 3
+3 0 3
+3 0 3
+2 0 6
+7 0 6
+3 0 6
+6 0 6
+3 0 6
+3 0 6
+2 0 3
+4 0 3
+3 0 3
+4 0 3
+6 0 1
+4 0 1
+4 0 1
+1 0 1
+2 0 1
+2 0 1
+2 0 1
+2 0 1
+1 0 1

fn=(6)
0x32610157f0 0 1
+2 0 1
+2 0 1
+2 0 1
+2 0 1
+1 0 1
+3 0 1
+1 0 1
+4 0 1
+3 0 1
+7 0 1
+4 0 1
+7 0 1
+6 0 1
+2 0 1
+5 0 1
+4 0 1
+7 0 1
+2 0 55
+4 0 55
+4 0 55
+2 0 1
+7 0 1
+4 0 1
+3 0 1
+2 0 1
+11 0 1
+5 0 1
+4 0 1
+7 0 1
+3 0 1
+6 0 1
+8 0 1
+7 0 1
+7 0 1
+7 0 1
+7 0 1
+3 0 1
+7 0 1
+7 0 1
+7 0 1
+6 0 1
+4 0 1
+4 0 1
-8 0 17
+4 0 17
+4 0 17
+2 0 16
+4 0 16
+3 0 16
+7 0 1
+4 0 1
+4 0 1
+4 0 1
+3 0 1
+3 0 1
-10 0 9
+4 0 9
+3 0 9
+3 0 9
+6 0 1
+7 0 1
+5 0 1
+7 0 1
+7 0 1
+7 0 1
+7 0 1
+8 0 1
+7 0 1
+7 0 1
+2 0 1
cfn=(8) brk
calls=1 0x32610160f0 0 
* 0 11
+5 0 1
+7 0 1
+3 0 1
+2 0 1
+3 0 1
+17 0 1
+2 0 1
cfn=(12) sbrk
calls=1 0x3261016140 0 
* 0 17
+5 0 1
+7 0 1
+3 0 1
+6 0 1
+6 0 1
+2 0 1
+6 0 1
+5 0 1
+3 0 1
+3 0 1
+7 0 1
cfn=(14) dl_main
calls=1 0x3261002610 0 
* 0 103556
+2 0 1
+5 0 1
+4 0 1
+1 0 1
+1 0 1
+2 0 1
+2 0 1
+2 0 1
+2 0 1
+39 0 1
+4 0 1
+4 0 1
+3 0 1
+3 0 1
+18 0 1
+4 0 1
+4 0 1
+3 0 1
+3 0 1
+50 0 1
+4 0 1
+4 0 1
+3 0 1
+3 0 1
+18 0 1
+4 0 1
+4 0 1
+3 0 1
+3 0 1
+18 0 1
+4 0 1
+4 0 1
+3 0 1
+3 0 1
+6 0 1
+12 0 1
+4 0 1
+4 0 1
+3 0 1
+3 0 1
+18 0 1
+4 0 1
+4 0 1
+3 0 1
+3 0 1
+18 0 1
+4 0 1
+4 0 1
+3 0 1
+3 0 1
+18 0 1
cfn=(10)
calls=1 0x32610174a0 0 
* 0 39
+5 0 1
+7 0 1

fn=(14)
0x3261002610 0 1
+1 0 1
+7 0 1
+3 0 1
+2 0 1
+2 0 1
+2 0 1
+3 0 1
+7 0 1
+2 0 1
+3 0 1
+7 0 1
+1 0 1
+7 0 1
+6 0 1
+7 0 1
+7 0 1
+7 0 1
+7 0 1
+4 0 1
+7 0 1
+7 0 1
+7 0 1
+7 0 1
cfn=(16) process_envvars
calls=1 0x3261001d40 0 
* 0 592
+5 0 1
+7 0 1
+4 0 1
0x3261002851 0 1
+7 0 1
+2 0 1
+3 0 1
+6 0 1
+2 0 1
+3 0 1
+3 0 1
cfn=(20)
calls=1 0x326100acb0 0 
* 0 247
+5 0 1
+8 0 1
+3 0 1
+7 0 1
+2 0 1
+3 0 1
+8 0 1
+4 0 1
+7 0 1
cfn=(36) _dl_add_to_namespace_list
calls=1 0x326100ac10 0 
* 0 31
+5 0 1
+6 0 1
+4 0 1
+7 0 1
+3 0 1
+11 0 1
+11 0 1
+11 0 1
+4 0 1
+3 0 1
+6 0 1
+3 0 1
+2 0 5
+3 0 5
+6 0 4
+3 0 4
+6 0 3
+3 0 3
+6 0 8
+4 0 8
+3 0 8
+6 0 8
+2 0 8
+3 0 8
+6 0 7
+2 0 2
+6 0 2
+6 0 1
+6 0 1
+2 0 1
+3 0 1
0x32610029b3 0 1
+3 0 1
+6 0 1
+5 0 1
+3 0 1
+4 0 1
+3 0 1
+5 0 2
+7 0 2
+4 0 2
+3 0 2
+3 0 2
+3 0 2
+3 0 2
+7 0 2
+2 0 1
+7 0 1
+4 0 1
+4 0 1
+4 0 1
+7 0 1
-15 0 1
+4 0 1
+4 0 1
+7 0 1
+2 0 2
+7 0 2
+4 0 2
+6 0 1
+7 0 1
+6 0 1
+7 0 1
+5 0 1
+7 0 1
+3 0 1
+4 0 1
+7 0 1
+2 0 1
+8 0 1
+7 0 1
+2 0 1
+6 0 1
+62 0 1
+3 0 1
+4 0 1
+4 0 1
+5 0 1
+7 0 1
+3 0 1
+12 0 1
+8 0 1
+13 0 1
+8 0 1
+13 0 1
+7 0 1
+3 0 1
+6 0 1
+7 0 1
+3 0 1
+2 0 1
+7 0 1
+3 0 1
+4 0 1
+4 0 1
+3 0 1
cfn=(42) strcmp
calls=1 0x3261017390 0 
* 0 7
+5 0 1
+2 0 1
+2 0 1
+7 0 1
+7 0 1
+11 0 1
+7 0 1
+10 0 1
+4 0 1
+3 0 1
+6 0 1
+4 0 1
+3 0 1
+6 0 1
+3 0 1
+4 0 1
+3 0 1
+2 0 1
+6 0 1
+6 0 1
+6 0 1
+6 0 1
+6 0 1
+5 0 1
+2 0 4
+3 0 4
+3 0 4
+4 0 4
+6 0 3
+3 0 3
+3 0 3
+4 0 3
+4 0 3
+3 0 3
+3 0 3
-10 0 1
+4 0 1
+3 0 1
+3 0 1
+2 0 20
+4 0 20
+2 0 16
+5 0 16
+4 0 16
+3 0 16
+3 0 16
+2 0 1
+3 0 1
+3 0 1
0x3261002c57 0 1
+7 0 1
+3 0 1
+54 0 1
+7 0 1
+3 0 1
+21 0 1
+8 0 1
+10 0 1
+3 0 1
cfn=(4)
calls=1 0x3261009160 0 
* 0 24
+5 0 1
+4 0 1
+6 0 1
+8 0 1
+7 0 1
+7 0 1
0x3261003132 0 1
cfn=(44)
calls=1 0x3261014de0 0 
* 0 92
+5 0 1
+2 0 1
+6 0 1
+6 0 1
+2 0 1
+6 0 1
+6 0 1
+5 0 1
+6 0 1
+7 0 1
cfn=(48)
calls=1 0x3261006500 0 
* 0 1974
+5 0 1
+7 0 1
+2 0 1
cfn=(60) _dl_debug_initialize
calls=1 0x326100ed30 0 
* 0 23
+5 0 1
+8 0 1
+7 0 1
+7 0 1
+6 0 1
+7 0 1
+7 0 1
+7 0 1
+8 0 1
+7 0 1
+3 0 1
+3 0 1
+8 0 1
+6 0 1
+4 0 1
+6 0 1
+7 0 1
+4 0 1
+3 0 1
+4 0 1
+7 0 1
+4 0 1
+7 0 1
+4 0 1
+5 0 1
+3 0 1
+2 0 1
+2 0 1
+4 0 1
+3 0 1
+4 0 1
+6 0 1
+2 0 1
+4 0 1
+7 0 1
+4 0 1
+7 0 1
+8 0 1
+6 0 1
+7 0 1
+3 0 1
+3 0 1
+6 0 1
+7 0 1
+3 0 1
+2 0 1
+7 0 1
+4 0 1
+7 0 1
+3 0 1
+13 0 1
+7 0 1
+7 0 1
cfn=(62)
calls=1 0x326100edc0 0 
* 0 1
+5 0 1
+1 0 1
+6 0 1
+2 0 1
+6 0 1
+7 0 1
+3 0 1
+3 0 1
+6 0 1
+7 0 1
+5 0 1
cfn=(98)
calls=1 0x3261016da0 0 
* 0 11
+5 0 1
+2 0 1
+6 0 1
+7 0 1
+2 0 1
+3 0 1
+3 0 1
+6 0 1
+2 0 1
+2 0 1
+4 0 1
+3 0 1
+3 0 1
+3 0 1
+3 0 1
+3 0 1
+3 0 1
cfn=(100) _dl_map_object_deps
calls=1 0x326100c760 0 
* 0 12611
+5 0 1
+2 0 1
+4 0 1
+2 0 1
+4 0 1
+3 0 1
+7 0 1
+6 0 1
+3 0 1
+3 0 1
+2 0 1
+3 0 1
+2 0 1
+7 0 1
+2 0 1
+7 0 1
+3 0 1
+2 0 1
+4 0 1
+7 0 1
+2 0 1
-18 0 4
+3 0 4
+2 0 4
+4 0 4
+7 0 4
+2 0 4
+2 0 1
+6 0 1
+7 0 1
+7 0 1
+4 0 1
+7 0 1
+3 0 1
+2 0 1
+4 0 1
+3 0 1
+2 0 1
+7 0 1
+7 0 1
+4 0 1
+6 0 1
+3 0 1
+5 0 1
+2 0 3
+4 0 3
+7 0 3
+4 0 3
+3 0 3
+6 0 3
+3 0 3
+2 0 3
0x3261003422 0 1
+3 0 1
+2 0 1
+3 0 1
+96 0 1
+3 0 1
+3 0 1
+4 0 1
+6 0 1
+3 0 1
+3 0 1
+4 0 1
+6 0 1
+3 0 1
+3 0 1
+4 0 1
+36 0 1
+3 0 1
+4 0 1
+4 0 1
+4 0 1
+7 0 1
+6 0 1
+3 0 1
+2 0 1
+6 0 1
+8 0 1
+7 0 1
+7 0 1
+3 0 1
+12 0 1
+3 0 1
+7 0 1
+7 0 1
+4 0 1
+7 0 1
+3 0 1
+6 0 1
+2 0 1
+4 0 1
+7 0 1
+4 0 1
+7 0 1
+3 0 1
+3 0 1
+2 0 1
+4 0 1
+3 0 1
+3 0 1
cfn=(120)
calls=1 0x326100e0b0 0 
* 0 3441
+5 0 1
+7 0 1
+3 0 1
+7 0 1
+6 0 1
+8 0 1
+2 0 1
+7 0 1
+3 0 1
+6 0 1
+3 0 1
+4 0 1
+9 0 1
+7 0 1
+2 0 1
+3 0 1
+6 0 1
+4 0 1
+4 0 1
+9 0 1
+7 0 1
+11 0 1
+4 0 1
+6 0 1
+7 0 1
+3 0 1
0x32610037d3 0 1
+7 0 1
+7 0 1
+7 0 1
+7 0 1
+7 0 1
+7 0 1
+3 0 1
+8 0 1
+3 0 1
+4 0 1
+7 0 1
+3 0 1
+5 0 1
+3 0 1
-11 0 4
+3 0 4
+5 0 4
+3 0 4
+2 0 1
+3 0 1
+2 0 1
+3 0 1
+6 0 1
+5 0 1
+4 0 1
+3 0 1
-12 0 4
+5 0 4
+4 0 4
+3 0 4
+6 0 5
+7 0 5
+9 0 5
+3 0 5
+2 0 4
+2 0 4
+7 0 4
+8 0 4
+3 0 4
+3 0 4
+3 0 4
cfn=(136)
calls=4 0x326100b2f0 0 
* 0 73241
+5 0 5
+9 0 5
+2 0 1
+7 0 1
+2 0 1
+3 0 1
cfn=(152) _dl_add_to_slotinfo
calls=1 0x3261010c90 0 
* 0 24
+5 0 5
+5 0 5
+3 0 5
+2 0 1
+2 0 1
+4 0 1
+2 0 1
+4 0 1
+3 0 1
+6 0 1
+3 0 1
+3 0 1
+8 0 1
+7 0 1
+7 0 1
+7 0 1
+2 0 1
+8 0 1
+6 0 1
+3 0 1
cfn=(154)
calls=1 0x3261010e50 0 
* 0 128
+5 0 1
+7 0 1
+28 0 1
+3 0 1
+2 0 1
+7 0 1
+2 0 1
cfn=(156)
calls=1 0x3261014dd0 0 
* 0 1
+5 0 1
+6 0 1
+2 0 1
+6 0 1
+2 0 1
+2 0 1
cfn=(60)
calls=1 0x326100ed30 0 
* 0 9
+5 0 1
+7 0 1
+3 0 1
cfn=(62)
calls=1 0x326100edc0 0 
* 0 1
+5 0 1
+1 0 1
cfn=(158) _dl_unload_cache
calls=1 0x3261008be0 0 
* 0 15
+5 0 1
+4 0 1
+1 0 1
+2 0 1
+2 0 1
+2 0 1
+2 0 1
+1 0 1
+39 0 1
+2 0 1
+7 0 1
+7 0 1
+3 0 1
+7 0 1
+2 0 1
+2 0 1
+3 0 1
cfn=(136)
calls=1 0x326100b2f0 0 
* 0 6248
+5 0 1
+2 0 1
+4 0 1
+2 0 1
+4 0 1
+3 0 1
+7 0 1
+3 0 1
+3 0 1
+3 0 1
+7 0 1
+5 0 1
+8 0 1
0x3261003a4d 0 1
+7 0 1
+3 0 1
+7 0 1
+22 0 1
+4 0 1
+3 0 1
+7 0 1
0x3261003b50 0 1
+3 0 1
+2 0 1
+8 0 1
+4 0 1
+4 0 1
+3 0 1
+5 0 1
+4 0 1
+3 0 1
+2 0 1
+3 0 1
+4 0 1
+4 0 1
+3 0 1
+2 0 1
+5 0 1
+3 0 1
+2 0 1
+4 0 1
* 0 49
+2 0 1
+3 0 1
+4 0 1
+3 0 1
+4 0 1
+3 0 1
+5 0 1
+4 0 1
cfn=(34)
calls=1 0x32610184b0 0 
* 0 52
+5 0 1
+4 0 1
+2 0 1
+4 0 1
+6 0 1
+6 0 1
+7 0 1
+3 0 1
cfn=(58) strsep
calls=1 0x3261015d60 0 
* 0 943
-10 0 1
+7 0 1
+3 0 1
cfn=(58)
calls=1 0x3261015d60 0 
* 0 4
+5 0 2
+3 0 2
+3 0 2
+6 0 1
+4 0 1
+2 0 1
+7 0 1
+6 0 1
+7 0 1
+3 0 1
+3 0 1
cfn=(64) do_preload
calls=1 0x32610015a0 0 
* 0 2250
+5 0 1
+3 0 1
0x3261003c84 0 1
+2 0 1
+6 0 1
+6 0 1
+4 0 1
+2 0 1
+3 0 1
+4 0 1
+3 0 1
+7 0 1
+3 0 1
+4 0 1
+7 0 1
0x3261003d7e 0 1
+7 0 1
+4 0 1
+3 0 1
0x3261004741 0 1
cfn=(130) init_tls
calls=1 0x32610024c0 0 
* 0 578
+5 0 1
+3 0 1

fn=(16)
0x3261001d40 0 1
+1 0 1
+7 0 1
+7 0 1
+3 0 1
+2 0 1
+2 0 1
+2 0 1
+7 0 1
+2 0 1
+4 0 1
+1 0 1
+4 0 1
+7 0 1
+4 0 1
+3 0 1
+4 0 1
+7 0 1
+3 0 1
+7 0 1
+4 0 1
+3 0 1
+4 0 1
+4 0 1
+4 0 1
+3 0 1
cfn=(18) _dl_next_ld_env_entry
calls=1 0x3261015b90 0 
* 0 126
-3 0 2
+3 0 2
cfn=(18)
calls=2 0x3261015b90 0 
* 0 238
+5 0 3
+3 0 3
+3 0 3
+2 0 2
+3 0 2
+2 0 2
+2 0 2
+2 0 2
+2 0 2
+5 0 17
+2 0 17
+2 0 19
+4 0 19
+4 0 19
+2 0 19
+2 0 2
+4 0 2
+4 0 2
+2 0 2
+5 0 2
+3 0 2
+2 0 1
+6 0 1
+4 0 1
+2 0 1
+3 0 1
+6 0 1
+3 0 1
+6 0 1
+4 0 1
+1 0 1
+2 0 1
+2 0 1
+2 0 1
+2 0 1
+1 0 1
0x3261001fce 0 1
+7 0 1
+5 0 1
+3 0 1
* 0 12
+2 0 1
0x32610020e1 0 1
+7 0 1
+5 0 1
+3 0 1
+2 0 1
+6 0 1
+7 0 1
+5 0 1
+3 0 1
* 0 7
+2 0 1
+6 0 1
+4 0 1
+7 0 1
0x32610022e3 0 1
+4 0 1
+7 0 1

fn=(32)
0x3261015f00 0 27
+1 0 27
+3 0 27
+1 0 27
+4 0 27
+7 0 27
+3 0 27
+6 0 26
+7 0 26
+5 0 26
+3 0 26
+3 0 26
+4 0 26
+7 0 26
+3 0 26
-25 0 1
+5 0 1
+3 0 1
+3 0 1
+4 0 1
+7 0 1
+3 0 1
+2 0 24
+3 0 24
+3 0 24
+3 0 24
+2 0 3
+7 0 3
+5 0 3
+3 0 3
+3 0 3
+3 0 3
+6 0 3
+3 0 3
+3 0 3
+2 0 3
+6 0 3
+5 0 3
+5 0 3
+3 0 3
cfn=(90) mmap
calls=3 0x3261016ee0 0 
* 0 18
+5 0 3
+4 0 3
+2 0 3
+7 0 3
+7 0 3
+4 0 3
+7 0 3
+4 0 3
+4 0 3
+3 0 3
+7 0 3
+7 0 3
+4 0 3
+1 0 3
+1 0 3
-20 0 24
+7 0 24
+7 0 24
+4 0 24
+1 0 24
+1 0 24
+1 0 1
+7 0 1
+7 0 1
+5 0 1
+3 0 1
+3 0 1
+7 0 1

fn=(58)
0x3261015d60 0 5
+3 0 5
+3 0 5
+2 0 3
+4 0 3
+3 0 3
+2 0 3
+4 0 3
+3 0 3
+8 0 3
+3 0 3
+3 0 3
+10 0 3
+3 0 3
-19 0 73
+3 0 73
+3 0 73
+10 0 73
+3 0 73
-3 0 75
+3 0 75
+2 0 150
+4 0 150
+3 0 150
+2 0 150
+2 0 75
+4 0 75
+4 0 75
+3 0 75
+2 0 2
+3 0 2
+3 0 2
* 0 2
+5 0 1
+2 0 1
+2 0 1
+4 0 1
+4 0 1
+3 0 1

fn=(80) open_verify
0x3261005340 0 13
+1 0 13
+3 0 13
+3 0 13
+2 0 13
+3 0 13
+2 0 13
+2 0 13
+2 0 13
+3 0 13
+1 0 13
+3 0 13
+4 0 13
+2 0 13
+4 0 13
+4 0 13
+6 0 13
+2 0 12
+2 0 12
0x32610053e0 0 13
+2 0 13
+2 0 13
+3 0 13
+4 0 13
cfn=(82) open
calls=13 0x3261016ce0 0 
* 0 125
+5 0 13
+3 0 13
+3 0 13
+6 0 3
+4 0 3
+5 0 3
+2 0 3
+10 0 3
+3 0 3
+4 0 3
+3 0 3
cfn=(84)
calls=3 0x3261016d40 0 
* 0 15
+5 0 3
+3 0 3
+4 0 3
+4 0 3
+4 0 3
+4 0 3
+3 0 3
+6 0 3
+7 0 3
+5 0 3
+3 0 3
* 0 22
+2 0 3
+6 0 3
+5 0 3
+2 0 3
+6 0 3
+4 0 3
+7 0 3
+5 0 3
* 0 21
+2 0 3
+6 0 3
+5 0 3
+6 0 3
+6 0 3
+6 0 3
+5 0 3
+4 0 3
+6 0 3
+6 0 3
+6 0 3
+5 0 3
+4 0 3
+4 0 3
+8 0 3
+3 0 3
+4 0 3
+3 0 3
+4 0 3
+3 0 3
+6 0 3
+4 0 3
+3 0 3
+6 0 3
+3 0 3
+6 0 3
+4 0 16
+8 0 16
+3 0 16
+4 0 16
+4 0 16
+3 0 16
+4 0 16
+3 0 16
+6 0 18
+3 0 18
+2 0 3
+4 0 3
+4 0 3
+2 0 3
+5 0 3
+2 0 3
+4 0 3
+4 0 3
+4 0 3
+3 0 3
+6 0 3
+4 0 3
+7 0 3
+7 0 3
+4 0 3
+5 0 3
+4 0 3
+4 0 3
+4 0 3
+4 0 3
+5 0 3
+4 0 3
+3 0 3
+6 0 2
+3 0 2
+3 0 2
+3 0 2
+3 0 2
+3 0 2
-9 0 3
+3 0 3
+3 0 3
+3 0 3
* 0 44
+2 0 5
+2 0 2
+3 0 2
+6 0 2
+5 0 2
+5 0 2
+5 0 2
+5 0 2
+2 0 2
+2 0 2
+6 0 2
+2 0 2
+2 0 2
+6 0 2
+6 0 2
+6 0 2
+3 0 2
+3 0 2
+3 0 2
+2 0 2
+2 0 2
+32 0 13
+4 0 13
+3 0 13
+1 0 13
+2 0 13
+2 0 13
+2 0 13
+2 0 13
+1 0 13
0x3261005710 0 1
+5 0 1
+5 0 2
+7 0 2
+5 0 2
+3 0 2
+4 0 2
+4 0 2
cfn=(112)
calls=2 0x3261017680 0 
* 0 178
+5 0 2
+2 0 2
+4 0 2
+4 0 2

fn=(90)
0x3261016ee0 0 11
+3 0 11
+5 0 11
+2 0 11
+6 0 11
+2 0 11

fn=(150)
0x326100b120 0 3
+7 0 3
+1 0 3
+3 0 3
+7 0 3
+3 0 3
+3 0 3
+3 0 3
+3 0 3
+7 0 3
+3 0 3
+3 0 3
+2 0 3
+3 0 3
+5 0 3
cfn=(92) mprotect
calls=3 0x3261016f40 0 
* 0 15
+5 0 3
+2 0 3
+2 0 3
+1 0 3

fn=(358) _dl_fini
0x326100e9d0 0 1
+1 0 1
+3 0 1
+2 0 1
+2 0 1
+2 0 1
+2 0 1
+3 0 1
+1 0 1
+2 0 1
+4 0 1
+8 0 1
+7 0 1
+4 0 1
+4 0 1
+6 0 1
+4 0 1
+7 0 1
+4 0 1
+5 0 1
+40 0 1
+7 0 1
cfn=(38)
calls=1 0x3261000b60 0 
* 0 2
+6 0 1
+4 0 1
+2 0 1
+2 0 1
+4 0 1
+7 0 1
+3 0 1
+3 0 1
+3 0 1
+3 0 1
+2 0 1
+2 0 1
+4 0 1
+3 0 1
+4 0 1
+10 0 1
+2 0 1
+2 0 1
+3 0 1
+14 0 5
+4 0 5
+2 0 5
+4 0 5
+2 0 5
+6 0 5
+7 0 5
+3 0 5
+4 0 5
+4 0 5
+3 0 5
+2 0 1
+2 0 1
+4 0 1
+4 0 1
+2 0 1
cfn=(360)
calls=1 0x326100e780 0 
* 0 336
+5 0 1
+7 0 1
cfn=(40)
calls=1 0x3261000b70 0 
* 0 2
+6 0 1
+2 0 1
+6 0 1
+4 0 1
+3 0 1
+4 0 1
+5 0 1
+4 0 1
+3 0 1
+8 0 1
+2 0 1
-17 0 4
+4 0 4
+3 0 4
+8 0 4
+2 0 4
+6 0 5
+3 0 5
+7 0 5
+7 0 5
+3 0 5
+6 0 1
+7 0 1
+6 0 4
+3 0 4
+2 0 1
+4 0 1
+3 0 1
+3 0 1
+4 0 1
+7 0 1
+4 0 1
+4 0 1
+2 0 1
+2 0 1
+3 0 1
+1 0 1
+4 0 1
+2 0 1
+3 0 1
cob=(3)
cfi=(3)
cfn=(416) __libc_fini
calls=1 0x326141ea50 0 
* 0 6
+3 0 1
+3 0 1
+3 0 1
+3 0 1
+2 0 4
+7 0 4
+3 0 4
+2 0 3
+4 0 3
+3 0 3
cob=(2)
cfi=(2)
cfn=(396) 0x0000003261843ec8
calls=1 0x3261843ec8 0 
* 0 1135
cob=(2)
cfi=(2)
cfn=(372) 0x0000000004801708
calls=1 0x4801708 0 
* 0 862
cob=(2)
cfi=(2)
cfn=(362) 0x0000000000402278
calls=1 0x402278 0 
* 0 22
+2 0 5
+3 0 5
+2 0 5
+6 0 5
+2 0 5
+6 0 5
+4 0 5
+8 0 5
+5 0 5
+3 0 5
+6 0 1
+7 0 1
+5 0 1
+4 0 1
+6 0 1
+3 0 1
+2 0 1
+6 0 1
+3 0 1
+2 0 1
+6 0 1
+7 0 1
+6 0 1
+4 0 1
+1 0 1
+2 0 1
+2 0 1
+2 0 1
+2 0 1
+1 0 1
+8 0 4
+8 0 4
+6 0 3
+7 0 3
+59 0 1
+3 0 1
+2 0 1
+4 0 1
+4 0 1
+4 0 1
+3 0 1
+5 0 1
+4 0 1
+4 0 1

fn=(42)
0x3261017390 0 280
+2 0 280
+2 0 280
+2 0 166
+3 0 166
+3 0 166
+2 0 166
cfn=(43) strcmp'2
calls=166 -14 0 
* 0 10708
+5 0 114
+5 0 114
+5 0 114
+3 0 114

fn=(43)
0x3261017390 0 1492
+2 0 1492
+2 0 1492
+2 0 1458
+3 0 1458
+3 0 1458
+2 0 1458
cfn=(43)
calls=1326 -14 0 
* 0 55019
+2 0 132
+2 0 132
+1 0 34
+5 0 34
+5 0 34
+3 0 34

fn=(56)
0x3261004cb0 0 1
+2 0 1
+2 0 1
+3 0 1
+2 0 1
+2 0 1
+1 0 1
+2 0 1
+1 0 1
+3 0 1
+4 0 1
+5 0 1
+5 0 1
+5 0 1
+5 0 1
+5 0 1
+1 0 1
+5 0 1
+3 0 1
cfn=(58)
calls=1 0x3261015d60 0 
* 0 286
-8 0 2
+5 0 2
+3 0 2
cfn=(58)
calls=2 0x3261015d60 0 
* 0 244
+5 0 3
+3 0 3
+3 0 3
+6 0 2
+3 0 2
cfn=(10)
calls=2 0x32610174a0 0 
* 0 89
+5 0 2
+3 0 2
+3 0 2
+13 0 2
+2 0 2
+6 0 2
+7 0 2
+3 0 2
+10 0 5
+3 0 5
+3 0 5
+6 0 5
+4 0 5
+96 0 2
+4 0 2
+22 0 2
+6 0 2
+2 0 2
+6 0 2
+4 0 2
+44 0 2
+6 0 2
+9 0 2
+21 0 2
+7 0 2
+5 0 2
+5 0 2
cfn=(28)
calls=2 0x3261016000 0 
* 0 56
+5 0 2
+3 0 2
+3 0 2
+6 0 2
+7 0 2
+3 0 2
+3 0 2
+5 0 2
+5 0 2
+4 0 2
cfn=(52)
calls=2 0x3261018280 0 
* 0 58
+5 0 2
+3 0 2
+7 0 2
+5 0 2
+4 0 2
+2 0 1
+7 0 1
+2 0 1
+5 0 1
+7 0 1
+4 0 1
+2 0 1
+3 0 1
-23 0 1
+2 0 1
+5 0 1
+7 0 1
+4 0 1
+2 0 1
+3 0 1
+6 0 2
+4 0 2
+5 0 2
+3 0 2
+4 0 2
+3 0 2
+3 0 2
+3 0 2
+3 0 2
+4 0 2
+3 0 2
+6 0 1
+2 0 1
+6 0 1
+4 0 1
+4 0 1
+3 0 1
-11 0 1
+4 0 1
+4 0 1
+3 0 1
+2 0 1
+3 0 1
+2 0 2
+3 0 2
+3 0 2
+3 0 2
+4 0 2
+8 0 2
+3 0 2
+2 0 1
+4 0 1
+5 0 1
+2 0 1
+6 0 1
+5 0 1
+6 0 1
+3 0 1
+4 0 1
+4 0 1
+3 0 1
+6 0 1
+2 0 1
+3 0 1
+3 0 1
+4 0 2
+4 0 2
+4 0 2
+3 0 2
+2 0 2
+6 0 2
+5 0 2
+4 0 2
+44 0 2
+7 0 2
+3 0 2
+7 0 2
+4 0 2
+4 0 2
+5 0 1
+8 0 1
+3 0 1
+4 0 1
+1 0 1
+1 0 1
+2 0 1
+2 0 1
+2 0 1
+2 0 1
+79 0 2
+8 0 2
+34 0 1
+2 0 1
+6 0 1

fn=(64)
0x32610015a0 0 1
+5 0 1
+5 0 1
+3 0 1
+5 0 1
+4 0 1
+3 0 1
+4 0 1
+5 0 1
+5 0 1
+5 0 1
+5 0 1
+7 0 1
+3 0 1
+9 0 1
+8 0 1
+6 0 1
cfn=(66)
calls=1 0x326100e130 0 
* 0 2223
+5 0 1
+6 0 1
+2 0 1
+2 0 1
+6 0 1
+3 0 1
+5 0 1
+5 0 1
+5 0 1
+4 0 1

fn=(78) expand_dynamic_string_token
0x32610061c0 0 1
+5 0 1
+3 0 1
+5 0 1
+5 0 1
+5 0 1
+3 0 1
+5 0 1
+5 0 1
+5 0 1
+4 0 1
+3 0 1
+3 0 1
cfn=(54)
calls=1 0x3261017310 0 
* 0 52
+5 0 1
+3 0 1
+2 0 1
+3 0 1
cfn=(10)
calls=1 0x32610174a0 0 
* 0 73
+5 0 1
+4 0 1
+3 0 1
cfn=(28)
calls=1 0x3261016000 0 
* 0 28
+5 0 1
+3 0 1
+2 0 1
+3 0 1
+3 0 1
+5 0 1
+5 0 1
+5 0 1
+3 0 1
+5 0 1
+5 0 1
+5 0 1
+4 0 1
cfn=(34)
calls=1 0x32610184b0 0 
* 0 52

fn=(102)
0x326100c280 0 4
+1 0 4
+3 0 4
+3 0 4
+5 0 4
+3 0 4
+4 0 4
+7 0 4
+4 0 4
+3 0 4
+3 0 4
+2 0 4
+3 0 4
+4 0 4
cfn=(74)
calls=4 0x32610081d0 0 
* 0 10290
+5 0 4
+4 0 4
+1 0 4

fn=(114) _dl_cache_libcmp
0x3261008b00 0 21
+3 0 21
+3 0 21
+10 0 21
+2 0 21
+6 0 21
+3 0 21
+3 0 21
0x3261008baa 0 21
+3 0 21
+3 0 21
+2 0 21
+2 0 21
+2 0 21
+4 0 21
+4 0 21
cfn=(115) _dl_cache_libcmp'2
calls=21 0x3261008b00 0 
* 0 1505

fn=(115)
0x3261008b00 0 89
+3 0 89
+3 0 89
+10 0 89
+2 0 89
-2 0 4
+2 0 4
+6 0 89
+3 0 89
+3 0 89
+6 0 4
+3 0 4
+3 0 4
+6 0 4
+3 0 4
+4 0 4
+3 0 4
+4 0 4
+3 0 4
+3 0 4
+4 0 4
+3 0 4
+3 0 4
+64 0 4
+3 0 4
+4 0 4
+4 0 4
+2 0 4
+3 0 4
+12 0 85
+3 0 85
+3 0 85
+2 0 85
+2 0 85
+2 0 68
+4 0 68
+4 0 68
cfn=(115)
calls=68 0x3261008b00 0 
* 0 3384
+5 0 4
+3 0 4
+2 0 4
+7 0 17
+3 0 17
+3 0 17
+2 0 17

fn=(130)
0x32610024c0 0 1
+2 0 1
+8 0 1
+7 0 1
+1 0 1
+7 0 1
+2 0 1
+3 0 1
+1 0 1
+1 0 1
+4 0 1
+4 0 1
+3 0 1
+4 0 1
cfn=(24)
calls=1 0x32610160b0 0 
* 0 37
+5 0 1
+7 0 1
+7 0 1
+3 0 1
+8 0 1
+3 0 1
+2 0 1
+2 0 1
+8 0 1
-8 0 4
+8 0 4
+2 0 1
+3 0 1
+3 0 1
+4 0 1
+5 0 1
+4 0 1
+3 0 1
-7 0 4
+4 0 4
+3 0 4
+2 0 1
cfn=(132)
calls=1 0x3261011670 0 
* 0 55
+5 0 1
cfn=(134) _dl_allocate_tls_storage
calls=1 0x3261011530 0 
* 0 420
+5 0 1
+3 0 1
+3 0 1
+2 0 1
+4 0 1
+5 0 1
+7 0 1
+3 0 1
+5 0 1
+4 0 1
+2 0 1
+2 0 1
+2 0 1
+7 0 1

fn=(142) check_match.12442
0x32610091f0 0 102
+5 0 102
+5 0 102
+3 0 102
+5 0 102
+5 0 102
+4 0 102
+4 0 102
+3 0 102
+3 0 102
+6 0 102
+2 0 102
+5 0 102
+3 0 102
+4 0 102
+6 0 102
+5 0 102
+3 0 102
+6 0 102
+4 0 102
+2 0 102
+4 0 102
+4 0 102
+3 0 102
+7 0 102
+6 0 97
+3 0 97
+2 0 97
+4 0 97
+5 0 97
+3 0 97
+5 0 97
+4 0 97
+4 0 97
+7 0 97
+4 0 97
+4 0 97
+2 0 97
+3 0 97
+4 0 97
cfn=(42)
calls=97 0x3261017390 0 
* 0 8370
+5 0 97
+2 0 97
+2 0 102
+3 0 102
+5 0 102
+5 0 102
+5 0 102
+5 0 102
+4 0 102
+11 0 25
+2 0 25
+4 0 25
+4 0 25
+5 0 25
cfn=(42)
calls=25 0x3261017390 0 
* 0 1870
+5 0 25
+2 0 25
+5 0 25
+37 0 5
+3 0 5
+2 0 5
+4 0 5
+4 0 5
+4 0 5
+3 0 5
+3 0 5
+2 0 5
+2 0 5
+6 0 5
+2 0 5
+3 0 5
+2 0 5
+37 0 102
+5 0 102

fn=(238) _dl_fixup
0x326100def0 0 5
+2 0 5
+2 0 5
+4 0 5
+2 0 5
+4 0 5
+1 0 5
+1 0 5
+4 0 5
+7 0 5
+4 0 5
+4 0 5
+3 0 5
+4 0 5
+4 0 5
+3 0 5
+3 0 5
+4 0 5
+4 0 5
+4 0 5
+5 0 5
+4 0 5
+6 0 5
+7 0 5
+3 0 5
+6 0 4
+4 0 4
+4 0 4
+6 0 4
+4 0 4
+4 0 4
+7 0 4
+4 0 4
+2 0 4
+6 0 5
+8 0 5
+2 0 5
+6 0 5
+5 0 5
+9 0 5
+12 0 5
+2 0 5
+7 0 5
+5 0 5
+6 0 5
+3 0 5
+9 0 5
+3 0 5
+3 0 5
+3 0 5
cfn=(138)
calls=5 0x3261009cf0 0 
* 0 4210
+5 0 5
+3 0 5
+8 0 5
+2 0 5
+2 0 5
+8 0 5
+2 0 5
+2 0 5
+9 0 5
+5 0 5
+2 0 5
+3 0 5
+2 0 5
+3 0 5
+2 0 5
+3 0 5
+4 0 5
+4 0 5
+3 0 5
+3 0 5
+6 0 5
+6 0 5
+2 0 5
+2 0 5
+4 0 5
+4 0 5
+1 0 5
+1 0 5
+2 0 5
+2 0 5
+4 0 1
+3 0 1

fn=(8)
0x32610160f0 0 1
+3 0 1
+5 0 1
+2 0 1
+6 0 1
+2 0 1
+2 0 1
+3 0 1
+7 0 1
+2 0 1
+2 0 1

fn=(12)
0x3261016140 0 1
+5 0 1
+5 0 1
+4 0 1
+7 0 1
+3 0 1
+3 0 1
+2 0 1
+6 0 1
+2 0 1
+2 0 1
+4 0 1
+21 0 1
+3 0 1
+5 0 1
+5 0 1
+4 0 1

fn=(74)
0x32610081d0 0 5
+2 0 5
+4 0 5
+3 0 5
+2 0 5
+4 0 5
+2 0 5
+7 0 5
+2 0 5
+3 0 5
+1 0 5
+3 0 5
+1 0 5
+3 0 5
+7 0 5
+5 0 5
+4 0 5
+4 0 5
+3 0 5
+4 0 14
+8 0 14
+6 0 14
+4 0 14
+3 0 14
+2 0 16
+8 0 16
+2 0 16
+2 0 16
+2 0 16
+2 0 16
+3 0 16
+3 0 16
cfn=(76) _dl_name_match_p
calls=16 0x326100ee50 0 
* 0 977
+5 0 16
+2 0 16
+2 0 5
+7 0 5
+3 0 5
+1 0 5
+1 0 5
+2 0 5
+2 0 5
+2 0 5
+2 0 5
+6 0 3
+3 0 3
+5 0 3
+6 0 3
+6 0 3
+2 0 3
+6 0 3
+5 0 3
+3 0 3
+8 0 3
cfn=(54)
calls=3 0x3261017310 0 
* 0 87
+5 0 3
+3 0 3
+6 0 1
+5 0 1
+6 0 1
+2 0 1
+3 0 1
+3 0 1
cfn=(78)
calls=1 0x32610061c0 0 
* 0 238
+5 0 1
+3 0 1
+8 0 1
+6 0 1
+5 0 1
+3 0 1
+6 0 1
+8 0 1
+8 0 1
+2 0 1
+6 0 1
+3 0 1
cfn=(80)
calls=1 0x3261005340 0 
* 0 206
+5 0 1
+3 0 1
+2 0 1
+6 0 3
+7 0 3
+5 0 3
+4 0 3
+3 0 3
+6 0 3
+7 0 3
+5 0 3
+8 0 3
+8 0 3
+3 0 3
+3 0 3
+5 0 3
+4 0 3
+8 0 3
+8 0 3
+5 0 3
cfn=(86) _dl_map_object_from_fd
calls=3 0x3261006fd0 0 
* 0 4381
+5 0 3
+3 0 3
+11 0 3
+7 0 3
+56 0 2
+3 0 2
cfn=(10)
calls=2 0x32610174a0 0 
* 0 111
+5 0 2
+4 0 2
+7 0 2
+5 0 2
+6 0 2
+3 0 2
+6 0 2
+8 0 2
+6 0 2
+8 0 2
+5 0 2
+6 0 2
+5 0 2
+7 0 2
+8 0 2
+5 0 2
+3 0 2
+8 0 2
+5 0 2
+8 0 2
+7 0 2
+3 0 2
+8 0 2
+4 0 2
+6 0 2
+4 0 2
cfn=(104) open_path
calls=2 0x32610058e0 0 
* 0 1934
+5 0 2
+3 0 2
+2 0 2
+15 0 2
+7 0 2
0x3261008515 0 2
+5 0 2
+6 0 2
+7 0 2
+4 0 2
0x32610085b8 0 2
+3 0 2
+5 0 2
+4 0 2
+6 0 2
+3 0 2
cfn=(108) _dl_load_cache_lookup
calls=2 0x3261008c20 0 
* 0 2638
+5 0 2
+3 0 2
+3 0 2
+2 0 2
+5 0 2
+3 0 2
+6 0 2
+7 0 2
+6 0 2
+5 0 2
+3 0 2
+6 0 2
+8 0 2
+8 0 2
+3 0 2
+5 0 2
+3 0 2
cfn=(80)
calls=2 0x3261005340 0 
* 0 678
+5 0 2
+3 0 2
+2 0 2
+3 0 2
+4 0 2
cfn=(116)
calls=2 0x3261004c50 0 
* 0 273
+5 0 2
+3 0 2
+8 0 2
+4 0 2
0x32610086ce 0 2
+5 0 2
+7 0 2
+5 0 2
+6 0 2
+8 0 2
+8 0 2
+2 0 2
+5 0 2
+5 0 2
+3 0 2
+5 0 2
+5 0 2
+3 0 2
+8 0 2
+6 0 2
+3 0 2
+4 0 2
+3 0 2
+5 0 2
+74 0 2
+7 0 2
+3 0 2
+2 0 2
+7 0 2
+4 0 2
+69 0 2
+3 0 2
+3 0 2
+5 0 2
+2 0 2
+5 0 2
+6 0 2
+6 0 2
+6 0 2
+5 0 2
+7 0 2
+3 0 2
+2 0 2
+6 0 2
+7 0 2
+4 0 2
0x32610088ab 0 14
+7 0 14
+3 0 14
+6 0 6
+4 0 6
+3 0 6
+4 0 6
+4 0 6
+3 0 6
+5 0 6
cfn=(42)
calls=6 0x3261017390 0 
* 0 105
+5 0 6
+2 0 6
+5 0 6

fn=(92)
0x3261016f40 0 6
+5 0 6
+2 0 6
+6 0 6
+2 0 6

fn=(96) close
0x3261016d10 0 4
+5 0 4
+2 0 4
+6 0 4
+2 0 4

fn=(100)
0x326100c760 0 1
+1 0 1
+3 0 1
+3 0 1
+2 0 1
+4 0 1
+2 0 1
+2 0 1
+4 0 1
+2 0 1
+4 0 1
+4 0 1
+1 0 1
+7 0 1
+6 0 1
+7 0 1
+3 0 1
+7 0 1
+5 0 1
+4 0 1
+4 0 1
+7 0 1
+6 0 1
+4 0 1
+4 0 1
+7 0 1
+3 0 1
+3 0 1
+2 0 1
+6 0 1
+6 0 1
+3 0 1
+2 0 1
+6 0 1
+5 0 1
+8 0 1
+4 0 1
+4 0 1
+4 0 1
+3 0 1
+4 0 1
+4 0 1
+4 0 1
+4 0 1
+6 0 1
+4 0 1
+4 0 1
+8 0 1
+3 0 1
+3 0 1
+3 0 1
+7 0 1
+2 0 1
+3 0 1
+6 0 1
+2 0 1
+4 0 1
+6 0 1
+4 0 1
+7 0 1
+4 0 1
+4 0 1
+4 0 1
+7 0 1
+8 0 1
+4 0 1
+6 0 1
+7 0 1
+8 0 1
+10 0 1
+4 0 1
+7 0 1
+7 0 1
+7 0 1
+4 0 1
+6 0 1
+8 0 1
-18 0 4
+4 0 4
+6 0 4
+8 0 4
+6 0 2
+3 0 2
+5 0 2
-5 0 3
+5 0 3
+6 0 3
+6 0 3
+4 0 3
+6 0 3
+4 0 3
+3 0 3
+4 0 3
+4 0 3
+3 0 3
+4 0 3
+4 0 3
+3 0 3
+3 0 3
+6 0 3
+7 0 3
+3 0 3
+7 0 3
+2 0 4
+3 0 4
+2 0 2
+3 0 2
+4 0 2
+5 0 2
+4 0 2
+3 0 2
+3 0 2
-10 0 71
+4 0 71
+3 0 71
+3 0 71
+6 0 73
+4 0 73
+6 0 4
+4 0 4
+4 0 4
+5 0 4
+3 0 4
cfn=(54)
calls=4 0x3261017310 0 
* 0 127
+5 0 4
+3 0 4
+6 0 4
+3 0 4
+7 0 4
+4 0 4
+7 0 4
+7 0 4
+7 0 4
+4 0 4
cfn=(66)
calls=4 0x326100e130 0 
* 0 10586
+5 0 4
+4 0 4
+3 0 4
+6 0 4
+4 0 4
+7 0 4
+6 0 3
+4 0 3
+7 0 3
+7 0 3
+5 0 3
+4 0 3
+8 0 3
+4 0 3
+6 0 3
+4 0 3
+7 0 3
+3 0 3
+3 0 3
+6 0 3
+7 0 3
+5 0 2
+8 0 2
+6 0 2
+8 0 2
+6 0 2
+3 0 2
+3 0 2
-3 0 3
+3 0 3
+2 0 3
+5 0 3
+3 0 3
+9 0 3
+5 0 3
+4 0 3
cfn=(28)
calls=3 0x3261016000 0 
* 0 84
+5 0 3
+3 0 3
+3 0 3
+6 0 3
+3 0 3
+4 0 3
+3 0 3
+4 0 3
+3 0 3
+4 0 3
+3 0 3
cfn=(34)
calls=3 0x32610184b0 0 
* 0 64
+5 0 3
+4 0 3
+3 0 3
+3 0 3
cfn=(34)
calls=3 0x32610184b0 0 
* 0 64
+5 0 3
+8 0 3
+7 0 3
+7 0 3
+2 0 3
+2 0 3
-11 0 2
+7 0 2
+2 0 2
+2 0 2
+6 0 5
+3 0 5
+7 0 5
+4 0 5
+3 0 5
+2 0 4
+2 0 4
+2 0 4
+2 0 4
+7 0 4
+3 0 4
+5 0 5
+7 0 5
+6 0 4
+8 0 4
+6 0 4
+8 0 4
+3 0 4
+6 0 3
+3 0 3
+8 0 3
+5 0 3
+3 0 3
+5 0 3
+4 0 3
+5 0 1
+7 0 1
+7 0 1
+3 0 1
+2 0 1
+2 0 1
+7 0 1
+2 0 1
+6 0 1
+6 0 1
+7 0 1
+7 0 1
+3 0 1
+7 0 1
+37 0 1
+6 0 1
+4 0 1
+4 0 1
cfn=(28)
calls=1 0x3261016000 0 
* 0 28
+5 0 1
+3 0 1
+3 0 1
+6 0 1
+6 0 1
+7 0 1
+6 0 1
+3 0 1
+7 0 1
+4 0 1
+6 0 1
+7 0 1
+6 0 1
+7 0 1
+7 0 1
+2 0 1
+3 0 1
+7 0 1
+4 0 1
+2 0 1
+3 0 1
+4 0 1
+4 0 1
+7 0 1
+4 0 1
+3 0 1
-38 0 4
+7 0 4
+4 0 4
+2 0 4
+3 0 4
+4 0 4
+4 0 4
+7 0 4
+4 0 4
+3 0 4
+2 0 1
+3 0 1
+7 0 1
+6 0 1
+7 0 1
+7 0 1
+3 0 1
0x326100cdb7 0 1
+8 0 1
+7 0 1
+2 0 1
+6 0 1
+4 0 1
+4 0 1
+4 0 1
+3 0 1
+5 0 1
+4 0 1
+3 0 1
+7 0 1
cfn=(94)
calls=1 0x3261017d30 0 
* 0 19
+5 0 1
+3 0 1
+3 0 1
+7 0 1
+3 0 1
+3 0 1
+6 0 1
+6 0 1
+3 0 1
+5 0 1
+7 0 1
+4 0 1
+3 0 1
-22 0 3
+3 0 3
+5 0 3
+7 0 3
+4 0 3
+3 0 3
+2 0 3
+7 0 3
+5 0 3
+3 0 3
+4 0 3
+4 0 3
+7 0 3
+3 0 3
-21 0 3
+3 0 3
+4 0 3
+4 0 3
+7 0 3
+3 0 3
+2 0 3
+9 0 6
+3 0 6
+2 0 6
+4 0 6
+3 0 6
+3 0 6
-6 0 3
+3 0 3
+3 0 3
+2 0 6
+4 0 6
+3 0 6
+2 0 4
+4 0 4
+4 0 4
+6 0 3
+3 0 3
+3 0 3
+4 0 3
+2 0 3
+7 0 3
+7 0 3
+3 0 3
+4 0 3
cfn=(94)
calls=3 0x3261017d30 0 
* 0 52
+5 0 3
+7 0 3
+7 0 3
+3 0 3
0x326100cf60 0 1
+7 0 1
+7 0 1
+8 0 1
+7 0 1
+7 0 1
+7 0 1
+8 0 1
+14 0 1
+4 0 1
+6 0 1
+4 0 1
+1 0 1
+2 0 1
+2 0 1
+2 0 1
+2 0 1
+1 0 1
+1 0 69
+6 0 69
+2 0 69
+6 0 69
0x326100d7b5 0 1
+3 0 1
+7 0 1
+7 0 1
+8 0 1
+7 0 1
+3 0 1
+3 0 1
cfn=(34)
calls=1 0x32610184b0 0 
* 0 42
+5 0 1
+4 0 1
+6 0 1

fn=(126) _dl_check_map_versions
0x326100faf0 0 5
+1 0 5
+3 0 5
+2 0 5
+2 0 5
+2 0 5
+2 0 5
+3 0 5
+1 0 5
+7 0 5
+4 0 5
+3 0 5
+6 0 5
+3 0 5
+6 0 5
+4 0 5
+7 0 5
+4 0 5
+7 0 5
+7 0 5
+3 0 5
+7 0 5
+6 0 3
+4 0 3
+4 0 3
+3 0 3
+4 0 3
+7 0 3
+6 0 3
+7 0 3
+3 0 3
+3 0 3
+3 0 3
+10 0 3
+3 0 3
+7 0 3
+4 0 3
+7 0 3
+4 0 3
+4 0 3
+4 0 3
+4 0 3
+3 0 3
+6 0 3
+7 0 3
+11 0 10
+5 0 10
+3 0 10
+6 0 13
+3 0 13
+3 0 13
cfn=(76)
calls=13 0x326100ee50 0 
* 0 841
+5 0 13
+2 0 13
+2 0 3
+6 0 3
+2 0 3
+6 0 3
+7 0 3
+3 0 3
+3 0 3
+8 0 2
+2 0 2
+3 0 2
+4 0 2
+4 0 2
+5 0 2
+3 0 2
+2 0 2
+4 0 2
+3 0 2
-25 0 3
+4 0 3
+4 0 3
+5 0 3
+3 0 3
+2 0 3
+4 0 3
+3 0 3
+2 0 1
+7 0 1
+3 0 1
+2 0 1
+4 0 1
+4 0 1
+3 0 1
+3 0 1
cfn=(128) match_symbol
calls=1 0x326100f720 0 
* 0 138
-16 0 4
+2 0 4
+4 0 4
+4 0 4
+3 0 4
+3 0 4
cfn=(128)
calls=4 0x326100f720 0 
* 0 737
+5 0 5
+3 0 5
+4 0 5
+5 0 5
+3 0 5
+4 0 5
+3 0 5
+2 0 5
+2 0 3
+7 0 3
+3 0 3
+2 0 3
0x326100fd02 0 3
+3 0 3
+8 0 3
-8 0 2
+8 0 2
+2 0 3
+7 0 3
+4 0 3
+4 0 3
+2 0 22
+2 0 22
+3 0 22
+4 0 22
+5 0 22
+3 0 22
+4 0 22
+3 0 22
+2 0 22
-21 0 3
+4 0 3
+5 0 3
+3 0 3
+4 0 3
+3 0 3
+2 0 3
+2 0 5
+3 0 5
+2 0 5
+4 0 5
+3 0 5
+1 0 5
+2 0 5
+2 0 5
+2 0 5
+2 0 5
+1 0 5
+1 0 4
+4 0 4
+5 0 4
+3 0 4
cfn=(24)
calls=4 0x32610160b0 0 
* 0 173
+5 0 4
+3 0 4
+8 0 4
+6 0 4
+8 0 4
+8 0 4
+8 0 4
+4 0 4
+8 0 4
+6 0 3
+7 0 3
+4 0 3
+4 0 3
+4 0 3
+6 0 3
+3 0 3
+4 0 3
+9 0 2
+8 0 2
+2 0 2
+3 0 2
+4 0 2
+5 0 2
+3 0 2
+3 0 2
-15 0 3
+4 0 3
+5 0 3
+3 0 3
+3 0 3
+2 0 5
+3 0 5
+2 0 5
+4 0 5
+8 0 5
+8 0 5
+4 0 5
+4 0 5
+6 0 5
+4 0 5
+3 0 5
+4 0 5
+4 0 5
+3 0 5
+4 0 5
+5 0 5
+3 0 5
+2 0 5
+2 0 3
+3 0 3
+2 0 3
+20 0 4
+8 0 4
+6 0 3
+7 0 3
+4 0 3
+4 0 3
+4 0 3
+7 0 22
+2 0 22
+3 0 22
+4 0 22
+3 0 22
-7 0 3
+4 0 3
+3 0 3
+2 0 22
+4 0 22
+4 0 22
+2 0 22
+6 0 22
+4 0 22
+8 0 22
+8 0 22
+5 0 22
+3 0 22
+9 0 22
+4 0 22
+4 0 22
+3 0 22
+2 0 22
-5 0 3
+3 0 3
+2 0 3
+2 0 3
+5 0 2
+3 0 2
+3 0 2

fn=(10)
0x32610174a0 0 16
+3 0 16
+3 0 16
+3 0 16
+2 0 10
+2 0 10
+3 0 10
+3 0 10
-3 0 26
+3 0 26
+6 0 35
+3 0 35
+2 0 35
+2 0 15
+10 0 15
+6 0 15
+3 0 15
+4 0 15
+3 0 15
+3 0 15
-13 0 3
+3 0 3
+4 0 3
+3 0 3
+3 0 3
+2 0 15
+3 0 15
+3 0 15
+3 0 15
+2 0 13
+3 0 13
+4 0 13
+3 0 13
+3 0 13
+2 0 12
+3 0 12
+3 0 12
+3 0 12
+2 0 9
+3 0 9
+4 0 9
+3 0 9
+3 0 9
+2 0 4
+3 0 4
+3 0 4
+3 0 4
+2 0 3
+3 0 3
+4 0 3
+3 0 3
+3 0 3
+2 0 3
+3 0 3
+3 0 3
+3 0 3
+10 0 15
+4 0 15
+2 0 15
+2 0 13
+3 0 13
+2 0 13
+2 0 10
+3 0 10
+6 0 10
+2 0 8
+3 0 8
+6 0 8
+2 0 6
+3 0 6
+4 0 6
+2 0 6
+2 0 5
+3 0 5
+2 0 5
+2 0 3
+3 0 3
+6 0 3
+2 0 2
+3 0 2
+3 0 2
-3 0 14
+3 0 14

fn=(18)
0x3261015b90 0 3
+3 0 3
+3 0 3
+3 0 3
+2 0 2
+5 0 2
+3 0 2
-3 0 53
+3 0 53
+2 0 53
+4 0 53
+3 0 53
+3 0 53
+2 0 1
+2 0 1
+1 0 6
+4 0 6
+2 0 2
+4 0 2
+2 0 2
+2 0 2
+4 0 2
+4 0 2
+3 0 2

fn=(46)
0x3261016fa0 0 1
+5 0 1
+2 0 1
+6 0 1
+2 0 1

fn=(50)
0x3261014fb0 0 1
+1 0 1
+3 0 1
+2 0 1
+2 0 1
+2 0 1
+2 0 1
+3 0 1
+1 0 1
+4 0 1
+3 0 1
+7 0 1
+4 0 1
+7 0 1
+4 0 1
+4 0 1
+4 0 1
+4 0 1
+56 0 1
+7 0 1
+3 0 1
0x32610151b9 0 1
+3 0 1
+86 0 1
+5 0 1
+2 0 1
+4 0 1
+4 0 1
+4 0 1
+3 0 1
+4 0 1
+5 0 1
+4 0 1
+5 0 1
+4 0 1
+7 0 1
+8 0 1
+3 0 1
+6 0 1
+4 0 1
+4 0 1
+4 0 1
+4 0 1
+5 0 1
+4 0 1
+5 0 1
+6 0 1
+3 0 1
+5 0 1
+4 0 1
+3 0 1
+4 0 1
+2 0 1
+2 0 1
+3 0 1
+3 0 1
+4 0 1
+3 0 1
+4 0 1
+4 0 1
cfn=(28)
calls=1 0x3261016000 0 
* 0 28
+5 0 1
+3 0 1
+3 0 1
+6 0 1
+5 0 1
+6 0 1
+4 0 1
+3 0 1
+4 0 1
+5 0 1
+4 0 1
+3 0 1
+4 0 1
0x32610153c1 0 1
+4 0 1
+5 0 1
+2 0 1
+3 0 1
+3 0 1
+2 0 1
+4 0 1
+3 0 1
+4 0 1
+4 0 1
+3 0 1
+9 0 1
-23 0 3
+3 0 3
+4 0 3
+4 0 3
+3 0 3
+9 0 3
+2 0 1
+4 0 1
+4 0 1
+5 0 1
+4 0 1
+4 0 1
+5 0 1
+5 0 1
+4 0 1
+3 0 1
+3 0 1
+3 0 1
+3 0 1
-16 0 1
+4 0 1
+3 0 1
+3 0 1
+3 0 1
+3 0 1
+2 0 2
+3 0 2
+3 0 2
+8 0 4
+4 0 4
+3 0 4
+4 0 4
+4 0 4
+4 0 4
+4 0 4
+3 0 4
-11 0 2
+4 0 2
+4 0 2
+3 0 2
-7 0 2
+4 0 2
+3 0 2
+2 0 4
+3 0 4
+2 0 2
+4 0 2
+3 0 2
+2 0 1
+3 0 1
+4 0 1
+5 0 1
+4 0 1
+3 0 1
+3 0 1
+3 0 1
+3 0 1
+70 0 1
+4 0 1
+5 0 1
+2 0 1
+3 0 1
+4 0 1
+4 0 1
+4 0 1
+10 0 1
+3 0 1
+4 0 1
+3 0 1
+4 0 1
+4 0 1
-18 0 1
+3 0 1
+4 0 1
+3 0 1
+4 0 1
+4 0 1
+2 0 1
+4 0 1
+4 0 1
+3 0 1
+4 0 1
+3 0 1
+1 0 1
+2 0 1
+2 0 1
+2 0 1
+2 0 1
+1 0 1
+4 0 1
+4 0 1
+3 0 1
+4 0 1
+3 0 1
+4 0 1
+4 0 1
+3 0 1
+2 0 1
+5 0 1
+4 0 1
0x32610155b6 0 1
+4 0 1
+4 0 1
+4 0 1
+4 0 1
cfn=(52)
calls=1 0x3261018280 0 
* 0 22
+5 0 1
+3 0 1
+4 0 1
+4 0 1
+3 0 1
cfn=(52)
calls=1 0x3261018280 0 
* 0 22
+5 0 1
+3 0 1
+7 0 1

fn=(76)
0x326100ee50 0 70
+1 0 70
+3 0 70
+1 0 70
+3 0 70
+4 0 70
+4 0 70
cfn=(42)
calls=70 0x3261017390 0 
* 0 497
+5 0 70
+2 0 70
+2 0 70
+4 0 70
+3 0 70
+8 0 71
+4 0 71
+3 0 71
+2 0 76
+3 0 76
+3 0 76
cfn=(42)
calls=76 0x3261017390 0 
* 0 1375
+5 0 76
+2 0 76
+2 0 5
+4 0 5
+5 0 5
+1 0 5
+1 0 5
+5 0 65
+4 0 65
+2 0 65
+1 0 65
+1 0 65

fn=(82)
0x3261016ce0 0 14
+5 0 14
+2 0 14
+6 0 14
+2 0 14
+1 0 10
+7 0 10
+2 0 10
+3 0 10
+2 0 10
+4 0 10

fn=(86)
0x3261006fd0 0 3
+1 0 3
+3 0 3
+2 0 3
+2 0 3
+3 0 3
+2 0 3
+3 0 3
+2 0 3
+3 0 3
+1 0 3
+7 0 3
+6 0 3
+4 0 3
+7 0 3
+2 0 3
+7 0 3
cfn=(60)
calls=3 0x326100ed30 0 
* 0 27
+5 0 3
+6 0 3
+7 0 3
+5 0 3
+7 0 3
cfn=(88) _fxstat
calls=3 0x3261016ca0 0 
* 0 30
+5 0 3
+2 0 3
+6 0 3
+4 0 3
+7 0 3
+4 0 3
+4 0 3
+4 0 3
+3 0 3
+6 0 3
+7 0 3
+7 0 3
+8 0 9
+4 0 9
+3 0 9
+6 0 9
+7 0 9
+2 0 9
+7 0 9
0x3261007140 0 3
+5 0 3
+6 0 3
+4 0 3
+6 0 3
+7 0 3
+6 0 3
+7 0 3
+7 0 3
+4 0 3
+3 0 3
+6 0 3
+4 0 3
+4 0 3
+3 0 3
+7 0 3
+7 0 3
+3 0 3
cfn=(20)
calls=3 0x326100acb0 0 
* 0 1333
+5 0 3
+3 0 3
+3 0 3
+6 0 3
+5 0 3
+4 0 3
+7 0 3
+7 0 3
+5 0 3
+4 0 3
+7 0 3
+5 0 3
+7 0 3
+5 0 3
+8 0 3
+4 0 3
+3 0 3
+5 0 3
+4 0 3
+6 0 3
+3 0 3
+3 0 3
+7 0 3
+7 0 3
+7 0 3
+4 0 3
+3 0 3
+8 0 3
+4 0 3
+4 0 3
+5 0 3
+3 0 3
+3 0 3
+4 0 3
+5 0 3
+3 0 3
+4 0 3
+4 0 3
+3 0 3
+6 0 3
+3 0 3
+3 0 3
+7 0 3
+3 0 3
+3 0 3
+11 0 3
+3 0 3
+6 0 3
+6 0 3
+9 0 14
+3 0 14
+6 0 8
+3 0 8
+2 0 3
+4 0 3
+3 0 3
+4 0 3
+4 0 3
+4 0 3
+7 0 3
+8 0 3
+8 0 3
+3 0 3
+4 0 3
+4 0 3
+3 0 3
+4 0 3
+3 0 3
-29 0 22
+8 0 22
+3 0 22
+4 0 22
+4 0 22
+3 0 22
+4 0 22
+3 0 22
+6 0 25
+3 0 25
+3 0 25
+6 0 23
+2 0 9
+5 0 9
+6 0 6
+5 0 6
+2 0 4
+3 0 4
+2 0 1
+4 0 1
+3 0 1
+2 0 1
+7 0 1
+4 0 1
+7 0 1
+4 0 1
+3 0 1
+17 0 1
+4 0 1
+7 0 1
+4 0 1
+7 0 1
+7 0 1
+3 0 1
+2 0 1
+6 0 1
cfn=(118) _dl_next_tls_modid
calls=1 0x3261010dc0 0 
* 0 6
+5 0 1
+7 0 1
+7 0 1
+3 0 1
+7 0 2
+4 0 2
+3 0 2
+7 0 2
+4 0 2
+7 0 2
+7 0 3
+4 0 3
+7 0 3
+5 0 6
+7 0 6
+4 0 6
+4 0 6
+3 0 6
+6 0 6
+4 0 6
+4 0 6
+4 0 6
+3 0 6
+3 0 6
+3 0 6
+6 0 6
+4 0 6
+7 0 6
+6 0 6
+5 0 6
+3 0 6
+4 0 6
+3 0 6
+4 0 6
+7 0 6
+3 0 6
+4 0 6
+4 0 6
+7 0 6
+5 0 6
+3 0 6
+3 0 6
+4 0 6
+4 0 6
+4 0 6
+4 0 6
+4 0 6
+4 0 6
+4 0 6
+7 0 6
+3 0 6
+4 0 6
+4 0 6
+4 0 6
+2 0 3
+4 0 3
+5 0 3
+4 0 3
+4 0 3
+6 0 3
+3 0 3
+3 0 3
+3 0 3
+3 0 3
+3 0 3
+3 0 3
+3 0 3
-31 0 3
+4 0 3
+6 0 3
+3 0 3
+3 0 3
+3 0 3
+3 0 3
+3 0 3
+3 0 3
+3 0 3
+5 0 2
+4 0 2
+3 0 2
+7 0 2
+10 0 1
+4 0 1
+4 0 1
+7 0 1
+9 0 3
+3 0 3
+3 0 3
+7 0 3
+6 0 3
+7 0 3
+5 0 3
+3 0 3
+6 0 3
+3 0 3
+4 0 3
+5 0 3
+3 0 3
+7 0 3
+7 0 3
+6 0 3
+7 0 3
+4 0 3
+5 0 3
+4 0 3
+7 0 3
+3 0 3
+7 0 3
cfn=(90)
calls=3 0x3261016ee0 0 
* 0 18
+5 0 3
+4 0 3
+7 0 3
+8 0 3
+6 0 3
+7 0 3
+4 0 3
+7 0 3
+3 0 3
+3 0 3
+3 0 3
+6 0 3
+7 0 3
+3 0 3
+4 0 3
+2 0 3
-6 0 3
+4 0 3
+2 0 3
+6 0 3
+8 0 3
+6 0 6
+4 0 6
+4 0 6
+3 0 6
+6 0 3
+3 0 3
+7 0 3
+4 0 3
+4 0 3
+3 0 3
+3 0 3
+5 0 3
+3 0 3
+3 0 3
+4 0 3
+3 0 3
+2 0 3
+2 0 3
+6 0 3
+3 0 3
+2 0 3
+3 0 3
+3 0 3
+7 0 3
+7 0 3
+7 0 3
cfn=(94)
calls=3 0x3261017d30 0 
* 0 171
+5 0 3
+4 0 3
+7 0 3
+7 0 3
+7 0 3
+3 0 3
+6 0 3
+3 0 3
+6 0 6
+4 0 6
+5 0 6
+4 0 6
+4 0 6
+3 0 6
+6 0 3
+4 0 3
+3 0 3
+3 0 3
+6 0 3
+4 0 3
+3 0 3
+3 0 3
+4 0 3
+7 0 3
+3 0 3
+3 0 3
+5 0 3
+3 0 3
cfn=(90)
calls=3 0x3261016ee0 0 
* 0 18
+5 0 3
+4 0 3
+18 0 3
+4 0 3
+3 0 3
+8 0 3
+7 0 3
+6 0 1
+7 0 1
+4 0 1
+4 0 1
+3 0 1
+6 0 1
+3 0 1
+3 0 1
+3 0 1
+5 0 1
+3 0 1
+4 0 1
+8 0 1
+4 0 1
+3 0 1
+3 0 1
+3 0 1
+6 0 1
+4 0 1
+3 0 1
+7 0 1
+69 0 3
+4 0 3
+7 0 3
+3 0 3
+6 0 3
+3 0 3
+3 0 3
+4 0 3
+6 0 3
+3 0 3
+4 0 3
+3 0 3
+2 0 3
+5 0 3
+6 0 3
+6 0 3
+6 0 3
+6 0 3
+6 0 3
+6 0 22
+3 0 22
+3 0 22
+4 0 22
+6 0 15
+3 0 15
+3 0 15
+4 0 15
+4 0 15
+3 0 15
+3 0 15
-10 0 7
+4 0 7
+3 0 7
+3 0 7
+2 0 69
+4 0 69
+2 0 47
+5 0 47
+4 0 47
+3 0 47
+3 0 47
+2 0 3
+3 0 3
+3 0 3
+2 0 1
+4 0 1
+3 0 1
+6 0 1
+4 0 1
+3 0 1
+2 0 1
+4 0 1
+4 0 1
+3 0 1
+2 0 1
+4 0 1
+4 0 1
+3 0 1
+2 0 1
+4 0 1
+4 0 1
+3 0 1
+2 0 1
+4 0 1
+7 0 1
+3 0 1
+2 0 1
+4 0 1
+7 0 1
+3 0 1
+6 0 1
+7 0 1
+3 0 1
+2 0 1
+4 0 1
+7 0 1
+3 0 1
-10 0 2
+7 0 2
+3 0 2
+2 0 1
+4 0 1
+3 0 1
+2 0 1
+6 0 1
+9 0 1
+3 0 1
+15 0 1
+3 0 1
+2 0 1
+7 0 1
+7 0 1
+3 0 1
-10 0 2
+7 0 2
+3 0 2
+2 0 2
+4 0 2
+6 0 2
+3 0 2
+2 0 1
+7 0 1
+8 0 1
-8 0 2
+8 0 2
+10 0 3
+3 0 3
+2 0 3
+6 0 3
+7 0 3
+3 0 3
+6 0 3
+3 0 3
+7 0 3
+6 0 3
+2 0 3
+7 0 3
+2 0 3
+6 0 3
+7 0 3
+3 0 3
+2 0 1
+3 0 1
+7 0 1
+6 0 1
cfn=(96)
calls=1 0x3261016d10 0 
* 0 5
-6 0 2
+6 0 2
cfn=(96)
calls=2 0x3261016d10 0 
* 0 10
+5 0 3
+2 0 3
+6 0 3
+7 0 3
+6 0 3
+3 0 3
+7 0 3
+7 0 3
+7 0 3
+6 0 3
+3 0 3
cfn=(4)
calls=3 0x3261009160 0 
* 0 72
+5 0 3
+4 0 3
+2 0 3
+8 0 3
+6 0 3
+7 0 3
+6 0 3
+7 0 3
+8 0 3
+7 0 3
+7 0 3
+7 0 3
+6 0 3
+4 0 3
+3 0 3
cfn=(36)
calls=3 0x326100ac10 0 
* 0 132
+5 0 3
+6 0 3
+2 0 3
+6 0 3
+4 0 3
+3 0 3
+1 0 3
+2 0 3
+2 0 3
+2 0 3
+2 0 3
+1 0 3
+1 0 3
+4 0 3
+4 0 3
+2 0 3
+4 0 3
+3 0 3
+4 0 3
cfn=(92)
calls=3 0x3261016f40 0 
* 0 15
+5 0 3
+91 0 1
+7 0 1
+40 0 1
+4 0 1
+3 0 1
+3 0 1
+3 0 1
+6 0 1
+5 0 1
+3 0 1
cfn=(90)
calls=1 0x3261016ee0 0 
* 0 6
+5 0 1
+4 0 1
+29 0 7
+3 0 7
+2 0 7
+3 0 7
+17 0 7
+3 0 7
+3 0 7
+4 0 7
+2 0 4
+3 0 4
+3 0 4
+4 0 4
+5 0 3
+3 0 3
+3 0 3
+4 0 3
+6 0 3
+3 0 3
+3 0 3
+4 0 3

fn=(108)
0x3261008c20 0 2
+2 0 2
+2 0 2
+2 0 2
+2 0 2
+1 0 2
+1 0 2
+3 0 2
+4 0 2
+7 0 2
+6 0 2
+7 0 2
+3 0 2
+6 0 2
+4 0 2
+6 0 2
+7 0 2
+4 0 2
+6 0 2
+7 0 2
+7 0 2
+10 0 2
+5 0 2
+7 0 2
+3 0 2
+3 0 2
+3 0 2
+6 0 2
+3 0 2
+3 0 2
+8 0 2
+3 0 2
+3 0 2
+3 0 2
+4 0 2
+5 0 2
+3 0 2
+9 0 7
+4 0 7
+4 0 7
+2 0 15
+4 0 15
+4 0 15
+3 0 15
+4 0 15
+3 0 15
+3 0 15
+3 0 15
+4 0 15
+4 0 15
+7 0 15
+3 0 15
+3 0 15
+2 0 17
+2 0 17
+3 0 17
+4 0 17
cfn=(114)
calls=17 0x3261008b00 0 
* 0 1359
+5 0 17
+3 0 17
+6 0 15
+2 0 8
+4 0 8
+5 0 8
+4 0 8
+12 0 2
+4 0 2
+3 0 2
+1 0 2
+1 0 2
+2 0 2
+2 0 2
+2 0 2
+2 0 2
0x3261008de4 0 1
+7 0 1
+7 0 1
+5 0 1
cfn=(110) _dl_sysdep_read_whole_file
calls=1 0x326100f670 0 
* 0 68
+5 0 1
+4 0 1
+6 0 1
+7 0 1
+4 0 1
+2 0 1
+7 0 1
+5 0 1
+3 0 1
* 0 11
+2 0 1
+2 0 1
+3 0 1
+7 0 1
+3 0 1
+4 0 1
+8 0 1
+4 0 1
+5 0 1
+4 0 1
+3 0 1
+7 0 1
+2 0 1
+7 0 1
+5 0 1
cfn=(112)
calls=1 0x3261017680 0 
* 0 87
+5 0 1
+2 0 1
+99 0 2
+3 0 2
+5 0 2
+2 0 2
+4 0 2
+7 0 2
+3 0 2
+3 0 2
+4 0 2
+4 0 2
+3 0 2
+12 0 2
+2 0 2
+6 0 2
+3 0 2
+7 0 2
+3 0 2
+4 0 2
+4 0 2
+3 0 2
+2 0 2
+3 0 2
+2 0 2
+2 0 2
+3 0 2
+3 0 2
+4 0 2
cfn=(114)
calls=2 0x3261008b00 0 
* 0 241
-12 0 2
+2 0 2
+3 0 2
+3 0 2
+4 0 2
cfn=(114)
calls=2 0x3261008b00 0 
* 0 241
+5 0 4
+2 0 4
+3 0 4
+2 0 2
+7 0 2
+3 0 2
+3 0 2
+3 0 2
+24 0 2
+4 0 2
+63 0 2
+4 0 2
+4 0 2
+7 0 2
+4 0 2
+2 0 2
+3 0 2
+3 0 2
+2 0 2
+3 0 2
+18 0 2
+4 0 2
+3 0 2
+4 0 2
+6 0 2
+6 0 2
+2 0 2
+2 0 2
+3 0 2
+6 0 2
+10 0 2
+2 0 2
+4 0 2
+6 0 2
+3 0 2
+6 0 2
+7 0 2

fn=(236) _dl_runtime_resolve
0x3261014660 0 5
+4 0 5
+4 0 5
+5 0 5
+5 0 5
+5 0 5
+5 0 5
+5 0 5
+5 0 5
+5 0 5
+5 0 5
cfn=(238)
calls=5 0x326100def0 0 
* 0 4603
+5 0 5
+3 0 5
+5 0 5
+5 0 5
+5 0 5
+5 0 5
+5 0 5
+5 0 5
+4 0 5
+4 0 5

fn=(4)
0x3261009160 0 5
+7 0 5
+3 0 5
+2 0 5
+4 0 5
+2 0 5
+6 0 5
+3 0 5
+3 0 5
+4 0 5
+2 0 5
+2 0 5
+7 0 5
+4 0 5
+4 0 5
+7 0 5
+4 0 5
+7 0 5
+4 0 5
+3 0 5
+4 0 5
+7 0 5
+3 0 5
+7 0 5

fn=(36)
0x326100ac10 0 4
+1 0 4
+3 0 4
+1 0 4
+3 0 4
+7 0 4
+4 0 4
cfn=(38)
calls=4 0x3261000b60 0 
* 0 8
+6 0 4
+5 0 4
+7 0 4
+4 0 4
+4 0 4
+3 0 4
+2 0 3
+6 0 3
+3 0 3
+4 0 3
+3 0 3
-10 0 6
+3 0 6
+4 0 6
+3 0 6
+2 0 3
+4 0 3
+4 0 3
+5 0 3
+7 0 3
+4 0 3
+5 0 3
+7 0 3
+7 0 3
+7 0 3
+8 0 3
+4 0 3
+1 0 3
+1 0 3
cfn=(40)
calls=3 0x3261000b70 0 
* 0 6
-56 0 1
+5 0 1
+7 0 1
+4 0 1
+5 0 1
+7 0 1
+7 0 1
+7 0 1
+8 0 1
+4 0 1
+1 0 1
+1 0 1
cfn=(40)
calls=1 0x3261000b70 0 
* 0 2
+12 0 1
+4 0 1

fn=(60)
0x326100ed30 0 5
+3 0 5
+2 0 5
+3 0 5
+7 0 5
+3 0 5
+12 0 1
+4 0 1
+7 0 1
+4 0 1
+4 0 1
+4 0 1
+4 0 1
+7 0 1
+4 0 1
* 0 4
+40 0 5
+5 0 5
+2 0 1
+2 0 1
+6 0 1
+2 0 1
+7 0 1
+4 0 1

fn=(88)
0x3261016ca0 0 4
+3 0 4
+2 0 4
+2 0 4
+3 0 4
+3 0 4
+5 0 4
+2 0 4
+6 0 4
+2 0 4

fn=(104)
0x32610058e0 0 2
+1 0 2
+3 0 2
+2 0 2
+2 0 2
+2 0 2
+2 0 2
+1 0 2
+7 0 2
+3 0 2
+7 0 2
+7 0 2
+6 0 2
+7 0 2
+7 0 2
+3 0 2
+7 0 2
+7 0 2
+6 0 2
+3 0 2
+3 0 2
+7 0 2
+7 0 2
+3 0 2
+3 0 2
+3 0 2
+10 0 2
+7 0 2
+4 0 2
+4 0 2
+3 0 2
+2 0 2
+5 0 2
+4 0 2
+7 0 2
+7 0 2
+7 0 2
+7 0 2
+7 0 2
-7 0 2
+7 0 2
+6 0 4
+7 0 4
+5 0 4
+5 0 4
+7 0 4
cfn=(52)
calls=4 0x3261018280 0 
* 0 116
+5 0 4
+7 0 4
+7 0 4
+2 0 4
+3 0 4
+6 0 4
+3 0 4
+5 0 4
+3 0 4
+2 0 8
+3 0 8
+42 0 2
+7 0 2
+4 0 2
+3 0 2
+4 0 2
-11 0 14
+4 0 14
+3 0 14
+4 0 14
+6 0 12
+3 0 12
+6 0 12
-6 0 4
+6 0 4
+2 0 10
+3 0 10
+7 0 10
+7 0 10
+4 0 10
+3 0 10
cfn=(52)
calls=10 0x3261018280 0 
* 0 198
+5 0 10
+7 0 10
+7 0 10
+3 0 10
cfn=(52)
calls=10 0x3261018280 0 
* 0 230
+5 0 10
+3 0 10
+7 0 10
+7 0 10
+6 0 10
+3 0 10
+4 0 10
+3 0 10
+4 0 10
+7 0 10
+7 0 10
cfn=(80)
calls=10 0x3261005340 0 
* 0 470
+5 0 10
+2 0 10
+5 0 10
+2 0 10
+6 0 2
+3 0 2
+3 0 2
+3 0 2
+3 0 2
+3 0 2
+6 0 2
+9 0 4
+3 0 4
+3 0 4
+2 0 4
+6 0 4
+3 0 4
+6 0 4
+3 0 4
+8 0 4
+6 0 4
+7 0 4
+3 0 4
+3 0 4
+6 0 2
+7 0 2
+6 0 8
+5 0 8
+2 0 8
+4 0 8
+4 0 8
+7 0 8
+4 0 8
+4 0 8
+4 0 8
+5 0 8
+7 0 8
+2 0 8
+7 0 8
+7 0 8
+5 0 8
+5 0 8
+7 0 8
+7 0 8
cfn=(106)
calls=8 0x3261016c60 0 
* 0 98
+5 0 8
+2 0 8
+2 0 2
+6 0 2
+5 0 2
+5 0 2
+6 0 6
+9 0 6
+2 0 6
+3 0 6
+7 0 6
-10 0 2
+3 0 2
+7 0 2
+70 0 2
+4 0 2
+2 0 2
+1 0 2
+2 0 2
+2 0 2
+2 0 2
+2 0 2
+1 0 2
+8 0 2
+6 0 2
+2 0 2
+6 0 2
+5 0 2
+2 0 2
+9 0 2
+5 0 2

fn=(110)
0x326100f670 0 1
+5 0 1
+5 0 1
+2 0 1
+5 0 1
+5 0 1
+3 0 1
+7 0 1
+2 0 1
+2 0 1
cfn=(82)
calls=1 0x3261016ce0 0 
* 0 5
+5 0 1
+2 0 1
+2 0 1
+7 0 1
+2 0 1
+3 0 1
+2 0 1
+5 0 1
cfn=(88)
calls=1 0x3261016ca0 0 
* 0 10
+5 0 1
+2 0 1
+2 0 1
+5 0 1
+3 0 1
+4 0 1
+9 0 1
+2 0 1
cfn=(96)
calls=1 0x3261016d10 0 
* 0 5
+5 0 1
+3 0 1
+8 0 1
+8 0 1
+8 0 1
+8 0 1
+7 0 1
+1 0 1
+3 0 1
+3 0 1
+5 0 1
+2 0 1
+3 0 1
+2 0 1
cfn=(90)
calls=1 0x3261016ee0 0 
* 0 6
+5 0 1
+3 0 1

fn=(118)
0x3261010dc0 0 1
+7 0 1
+2 0 1
+7 0 1
+4 0 1
+7 0 1

fn=(124)
0x326100ffe0 0 1
+2 0 1
+3 0 1
+2 0 1
+3 0 1
+1 0 1
+2 0 1
+1 0 1
+3 0 1
+4 0 1
+3 0 1
+2 0 1
+6 0 1
+7 0 1
-7 0 4
+7 0 4
+2 0 5
+2 0 5
+4 0 5
+2 0 5
+3 0 5
+2 0 1
+4 0 1
+2 0 1
+1 0 1
+1 0 1
+2 0 1
+2 0 1
+6 0 5
+3 0 5
+3 0 5
+3 0 5
cfn=(126)
calls=5 0x326100faf0 0 
* 0 3307
+5 0 5
+2 0 5
+5 0 5
+2 0 5

fn=(128)
0x326100f720 0 5
+1 0 5
+3 0 5
+4 0 5
+4 0 5
+3 0 5
+4 0 5
+4 0 5
+3 0 5
+4 0 5
+7 0 5
+7 0 5
+4 0 5
+7 0 5
+3 0 5
+3 0 5
+4 0 5
+6 0 5
+7 0 5
+3 0 5
+6 0 5
+3 0 5
+4 0 5
+4 0 5
+2 0 29
+4 0 29
+6 0 24
+3 0 24
+2 0 24
+6 0 24
+2 0 24
+3 0 24
+4 0 24
0x326100f858 0 5
+3 0 5
+3 0 5
+7 0 5
+3 0 5
+4 0 5
cfn=(42)
calls=5 0x3261017390 0 
* 0 444
+5 0 5
+2 0 5
+7 0 5
+6 0 5
+2 0 5
+4 0 5
+4 0 5
+4 0 5
+4 0 5
+4 0 5
+1 0 5

fn=(134)
0x3261011530 0 1
+2 0 1
+7 0 1
+1 0 1
+1 0 1
+7 0 1
+3 0 1
cfn=(32)
calls=1 0x3261015f00 0 
* 0 50
+5 0 1
+3 0 1
+3 0 1
+6 0 1
+8 0 1
+5 0 1
+3 0 1
+3 0 1
+6 0 1
+4 0 1
+6 0 1
+4 0 1
+6 0 1
+2 0 1
+2 0 1
+3 0 1
+3 0 1
+2 0 1
* 0 288
+3 0 1
+2 0 1
+3 0 1
+2 0 1
+3 0 1
+2 0 1
+7 0 1
+5 0 1
+4 0 1
+4 0 1
cfn=(24)
calls=1 0x32610160b0 0 
* 0 37
+5 0 1
+3 0 1
+2 0 1
+3 0 1
+4 0 1
+4 0 1
+3 0 1
+1 0 1
+1 0 1
+2 0 1

fn=(140)
0x3261009360 0 108
+2 0 108
+3 0 108
+2 0 108
+2 0 108
+3 0 108
+2 0 108
+1 0 108
+1 0 108
+7 0 108
+4 0 108
+8 0 108
+5 0 108
+8 0 108
+8 0 108
+8 0 108
+8 0 108
+8 0 108
+7 0 108
+7 0 108
+7 0 108
+7 0 108
+8 0 108
+5 0 108
+3 0 108
+3 0 108
+3 0 108
+5 0 108
+4 0 108
+4 0 108
+4 0 108
+11 0 108
+9 0 108
+4 0 108
+3 0 108
+8 0 108
-39 0 311
+4 0 311
+11 0 311
+9 0 311
+4 0 311
+3 0 311
+8 0 311
+6 0 419
+8 0 419
+2 0 12
+7 0 12
+6 0 416
+7 0 416
+6 0 416
+7 0 416
+6 0 416
+6 0 416
+2 0 416
+6 0 416
+4 0 416
+4 0 416
+8 0 416
+4 0 416
+5 0 416
+4 0 416
+8 0 416
+7 0 416
+3 0 416
+6 0 416
+6 0 416
+6 0 416
+3 0 416
+4 0 416
+3 0 416
+3 0 416
+3 0 416
+3 0 416
+3 0 416
+3 0 416
+3 0 416
+3 0 416
+3 0 416
+2 0 416
+6 0 314
+11 0 314
+8 0 314
+2 0 314
+8 0 314
+3 0 314
+2 0 278
+4 0 278
+3 0 278
+6 0 237
+3 0 237
+4 0 237
+3 0 237
-7 0 80
+4 0 80
+3 0 80
+6 0 6
+2 0 6
+7 0 6
+1 0 6
+1 0 6
+2 0 6
+2 0 6
+2 0 6
+2 0 6
-17 0 102
+7 0 102
+1 0 102
+1 0 102
+2 0 102
+2 0 102
+2 0 102
+2 0 102
+18 0 102
+4 0 102
+3 0 102
+3 0 102
+2 0 89
+3 0 89
+2 0 89
+3 0 89
+34 0 13
+6 0 13
+2 0 13
+6 0 102
+5 0 102
+3 0 102
+5 0 102
+5 0 102
+3 0 102
+8 0 102
+4 0 102
+5 0 102
0x32610097c9 0 41
+8 0 41
+5 0 41
+5 0 41
+5 0 41
cfn=(76)
calls=41 0x326100ee50 0 
* 0 1837
+5 0 41
+2 0 41
+5 0 41
+5 0 41
+5 0 41
0x3261009b0c 0 118
+6 0 118
+2 0 118
+3 0 118
+3 0 118
+7 0 118
+3 0 118
+2 0 118
+6 0 115
+2 0 115
+3 0 115
+3 0 115
+8 0 115
+3 0 115
+7 0 115
+2 0 109
+2 0 109
+6 0 96
+4 0 96
+2 0 96
+2 0 96
+3 0 96
+3 0 96
-10 0 115
+2 0 115
+2 0 115
+3 0 115
+3 0 115
+2 0 102
+8 0 102
+3 0 102
+3 0 102
+7 0 102
+5 0 102
+5 0 102
+5 0 102
+5 0 102
+3 0 102
+4 0 102
+7 0 102
+2 0 102
+4 0 102
+5 0 102
cfn=(142)
calls=102 0x32610091f0 0 
* 0 15627
+5 0 102
+3 0 102
+5 0 102
+5 0 102
+5 0 102
+5 0 102
+20 0 13
+3 0 13
+3 0 13
+3 0 13
+5 0 102
+3 0 102
+3 0 102
+3 0 102

fn=(152)
0x3261010c90 0 1
+2 0 1
+2 0 1
+3 0 1
+1 0 1
+1 0 1
+4 0 1
+7 0 1
+7 0 1
+8 0 1
+3 0 1
+3 0 1
+72 0 1
+7 0 1
+4 0 1
+4 0 1
+5 0 1
+4 0 1
+4 0 1
+4 0 1
+1 0 1
+1 0 1
+2 0 1
+2 0 1

fn=(158)
0x3261008be0 0 1
+4 0 1
+7 0 1
+4 0 1
+4 0 1
+2 0 1
+7 0 1
cfn=(160) munmap
calls=1 0x3261016f10 0 
* 0 5
+5 0 1
+11 0 1
+4 0 1

fn=(160)
0x3261016f10 0 1
+5 0 1
+2 0 1
+6 0 1
+2 0 1

ob=(6)
fl=(6)
fn=(256) 0x0000000000400b50
0x400b50 0 1
+8 0 1
+1 0 1
+3 0 1
+20 0 1
+1 0 1

fn=(228)
0x400a90 0 1
+2 0 1
+3 0 1
+1 0 1
+3 0 1
+4 0 1
+1 0 1
+1 0 1
+7 0 1
+7 0 1
+7 0 1
cob=(3)
cfi=(3)
cfn=(240) (below main)
calls=1 0x326141ebe0 0 
* 0 66575
cob=(1)
cfi=(1)
cfn=(236)
calls=1 0x3261014660 0 
* 0 1086

fn=(250) 0x0000000000400abc
0x400abc 0 1
+4 0 1
+7 0 1
+3 0 1
+4 0 1
+4 0 1

fn=(262) 0x0000000000402240
0x402240 0 1
+1 0 1
+3 0 1
+1 0 1
+4 0 1
+7 0 1
+4 0 1
+27 0 1
+4 0 1
+1 0 1
+1 0 1

fn=(246) __libc_csu_init
0x4021b0 0 1
+5 0 1
+5 0 1
+7 0 1
+7 0 1
+5 0 1
+5 0 1
+5 0 1
+5 0 1
+4 0 1
+3 0 1
+3 0 1
+3 0 1
+4 0 1
+3 0 1
cob=(2)
cfi=(2)
cfn=(248) 0x0000000000400930
calls=1 0x400930 0 
* 0 29
+5 0 1
+3 0 1
+30 0 1
+5 0 1
+5 0 1
+5 0 1
+5 0 1
+5 0 1
+5 0 1
+4 0 1

fn=(364) 0x0000000000400ae0
0x400ae0 0 1
+1 0 1
+3 0 1
+1 0 1
+4 0 1
+7 0 1
+2 0 1
+5 0 1
+7 0 1
+7 0 1
+4 0 1
+4 0 1
+3 0 1
+38 0 1
+7 0 1
+4 0 1
+1 0 1
+1 0 1

fl=(7) /h/icross01/Desktop/Comp40/um/profile/final_submission_potential/um.c
fn=(274) main
0x400b74 9 1
+5 * 1
+5 * 1
+4 +2 1
+3 * 1
+27 +4 1
+3 * 1
+2 +1 1
+4 * 1
+5 * 1
cob=(3)
cfi=(3)
cfn=(280) fopen@@GLIBC_2.2.5
calls=1 0x3261467200 -16 
* * 61405
cob=(1)
cfi=(1)
cfn=(236)
calls=1 0x3261014660 -16 
* * 894
+5 * 1
+3 +1 1
+3 * 1
+2 +1 1
+7 * 1
+5 * 1
+5 * 1
+5 * 1
cob=(3)
cfi=(3)
cfn=(338) fwrite
calls=1 0x3261467bc0 -18 
* * 289
cob=(1)
cfi=(1)
cfn=(236)
calls=1 0x3261014660 -18 
* * 909
+5 +1 1
+78 +12 1
+5 * 1
+5 * 1
+5 * 1
+4 * 1

ob=(3)
fl=(3)
fn=(188) _dl_vdso_vsym
0x3261526bd0 0 2
+4 0 2
+7 0 2
+7 0 2
+3 0 2
+2 0 2
+2 0 2
+4 0 2

fn=(194) __libc_global_ctors
0x326141ea20 0 1
+7 0 1
+1 0 1
+3 0 1
+2 0 1
+7 0 1
+4 0 1
+4 0 1
cfn=(196) init_cacheinfo
calls=1 0x3261490840 0 
* 0 1996
+2 0 1
+3 0 1
+3 0 1
+2 0 1
+1 0 1

fn=(294) _dl_addr
0x3261525eb0 0 1
+2 0 1
+2 0 1
+2 0 1
+2 0 1
+1 0 1
+3 0 1
+1 0 1
+3 0 1
+4 0 1
+7 0 1
+5 0 1
+5 0 1
+8 0 1
cob=(1)
cfi=(1)
cfn=(38)
calls=1 0x3261000b60 0 
* 0 2
+8 0 1
+8 0 1
+3 0 1
+6 0 1
+3 0 1
+3 0 1
+3 0 1
+3 0 1
+6 0 1
+8 0 1
+7 0 1
-7 0 3
+7 0 3
+6 0 3
+7 0 3
+6 0 1
+7 0 1
+91 0 1
+4 0 1
+4 0 1
+7 0 1
+4 0 1
+4 0 1
+3 0 1
+6 0 1
+4 0 1
+8 0 1
+4 0 1
+4 0 1
+4 0 1
+5 0 1
+7 0 1
+3 0 1
+4 0 1
+6 0 1
+6 0 1
+2 0 1
+6 0 1
+3 0 1
+7 0 1
+3 0 1
+8 0 1
+2 0 1
+6 0 1
+4 0 1
+3 0 1
+2 0 1
-9 0 1010
+4 0 1010
+3 0 1010
+2 0 1010
+6 0 900
+2 0 900
+8 0 900
+7 0 900
+8 0 1256
+3 0 1256
+3 0 1256
+4 0 1256
+2 0 1256
+4 0 1256
+4 0 1256
+5 0 1256
+4 0 1256
-17 0 900
+4 0 900
+4 0 900
+5 0 900
+4 0 900
+9 0 2156
+5 0 2156
+4 0 2156
+4 0 2156
+2 0 2153
+4 0 2153
+3 0 2153
+3 0 2153
+3 0 2153
+2 0 615
+4 0 615
+2 0 615
+4 0 615
+3 0 615
+2 0 16
+3 0 16
+2 0 16
+4 0 16
+3 0 16
+3 0 16
-6 0 599
+3 0 599
+3 0 599
+30 0 2156
+3 0 2156
+3 0 2156
+6 0 1011
+4 0 1011
+3 0 1011
+2 0 1010
+3 0 1010
+8 0 3
+4 0 3
+3 0 3
+33 0 1
+6 0 1
+2 0 1
+5 0 1
+3 0 1
+6 0 1
+10 0 1
+3 0 1
+33 0 1
+8 0 1
cob=(1)
cfi=(1)
cfn=(40)
calls=1 0x3261000b70 0 
* 0 2
+8 0 1
+4 0 1
+2 0 1
+1 0 1
+1 0 1
+2 0 1
+2 0 1
+2 0 1
+2 0 1
0x326152621c 0 1
+8 0 1
+8 0 1
+5 0 1

fn=(304) sbrk
0x32614e0980 0 2
+5 0 2
+5 0 2
+3 0 2
+5 0 2
+4 0 2
+7 0 2
+4 0 2
+3 0 2
+2 0 1
+6 0 1
+2 0 1
+2 0 2
+4 0 2
+2 0 1
+2 0 1
+3 0 1
+3 0 1
+2 0 1
cfn=(306) brk
calls=1 0x32614e0910 0 
* 0 12
+5 0 1
+2 0 1
+2 0 2
+3 0 2
+5 0 2
+4 0 2
+5 0 2
+4 0 2
+2 0 1
+2 0 1
cfn=(306)
calls=1 0x32614e0910 0 
* 0 12
+5 0 1
+2 0 1
+2 0 1
+4 0 1

fn=(306)
0x32614e0910 0 2
+3 0 2
+5 0 2
+2 0 2
+6 0 2
+2 0 2
+7 0 2
+3 0 2
+2 0 2
+3 0 2
+2 0 2
+2 0 2

fn=(344) _IO_doallocbuf
0x3261473a00 0 1
+1 0 1
+5 0 1
+3 0 1
+7 0 1
+3 0 1
+2 0 1
+6 0 1
+2 0 1
+20 0 1
+7 0 1
+7 0 1
+3 0 1
+1 0 1
+2 0 1
cfn=(346) _IO_setb
calls=1 0x32614746a0 0 
* 0 17

fn=(190) __init_misc
0x32614e8770 0 1
+5 0 1
+5 0 1
+4 0 1
+3 0 1
+3 0 1
+2 0 1
+3 0 1
+3 0 1
+2 0 1
+5 0 1
+3 0 1
cfn=(192) __GI_strrchr
calls=1 0x3261482df0 0 
* 0 34
+5 0 1
+3 0 1
+2 0 1
+7 0 1
+4 0 1
+3 0 1
+3 0 1
+7 0 1
+3 0 1
+5 0 1
+5 0 1
+4 0 1

fn=(204) intel_02_known_compare
0x3261490330 0 54
+3 0 54
+2 0 54
+2 0 54
+2 0 54
+2 0 54
+3 0 54

fn=(300) malloc_consolidate
0x3261476110 0 1
+2 0 1
+3 0 1
+2 0 1
+2 0 1
+2 0 1
+1 0 1
+1 0 1
+4 0 1
+8 0 1
0x32614762a8 0 1
+4 0 1
+3 0 1
0x3261476442 0 1
+7 0 1
+3 0 1
+13 0 1
+3 0 1
+4 0 1
+4 0 1
+4 0 1
+4 0 1
+1 0 1
+1 0 1
+2 0 1
+2 0 1
+2 0 1
+2 0 1
+1 0 1
+4 0 1
+7 0 1
+6 0 1
+4 0 1
+4 0 1
+4 0 1
+3 0 1
-15 0 126
+4 0 126
+4 0 126
+4 0 126
+3 0 126
+2 0 1
+2 0 1
+11 0 1
+6 0 1

fn=(356) exit
0x3261435cc0 0 1
+2 0 1
+1 0 1
+2 0 1
+1 0 1
+7 0 1
+3 0 1
+2 0 1
+6 0 1
+4 0 1
+3 0 1
+4 0 1
+3 0 1
+5 0 1
-19 0 1
+4 0 1
+3 0 1
+4 0 1
+3 0 1
+5 0 1
+2 0 1
+4 0 1
+4 0 1
+3 0 1
+4 0 1
+6 0 1
+4 0 1
+17 0 1
+3 0 1
+3 0 1
+7 0 1
+6 0 1
+7 0 1
+7 0 1
+3 0 1
+2 0 1
+3 0 1
cfn=(418) _IO_cleanup
calls=1 0x3261474f10 0 
* 0 130
+2 0 1
+4 0 1
+3 0 1
+2 0 1
+2 0 1
cfn=(422) _Exit
calls=1 0x32614acea0 0 
* 0 5
+51 0 1
+4 0 1
+2 0 1
+5 0 1
+4 0 1
+4 0 1
+4 0 1
+9 0 1
cob=(1)
cfi=(1)
cfn=(358)
calls=1 0x326100e9d0 0 
* 0 2668
+2 0 1

fn=(388) __unregister_atfork
0x32614f8370 0 2
+7 0 2
+1 0 2
+3 0 2
+3 0 2
+3 0 2
+2 0 2
+3 0 2
+4 0 2
+12 0 2
+3 0 2
+3 0 2
+3 0 2
+2 0 2
+1 0 2

fn=(422)
0x32614acea0 0 1
+3 0 1
+7 0 1
+6 0 1
+5 0 1

fn=(346)
0x32614746a0 0 1
+5 0 1
+5 0 1
+3 0 1
+4 0 1
+4 0 1
+3 0 1
+3 0 1
+7 0 1
+2 0 1
+4 0 1
+4 0 1
+2 0 1
+3 0 1
+5 0 1
+5 0 1
+4 0 1

fn=(148)
0x3261487140 0 1
+7 0 1
+7 0 1
+7 0 1
+10 0 1
+28 0 1

fn=(186)
0x326141eaa0 0 1
+5 0 1
+5 0 1
+2 0 1
+5 0 1
+5 0 1
+4 0 1
+7 0 1
+3 0 1
+3 0 1
+3 0 1
+26 0 1
+7 0 1
+7 0 1
+3 0 1
+6 0 1
+7 0 1
+8 0 1
+8 0 1
+3 0 1
+7 0 1
+9 0 1
+4 0 1
cfn=(188)
calls=1 0x3261526bd0 0 
* 0 8
+5 0 1
+7 0 1
+3 0 1
+7 0 1
+3 0 1
+4 0 1
+9 0 1
+4 0 1
+7 0 1
cfn=(188)
calls=1 0x3261526bd0 0 
* 0 8
+5 0 1
+3 0 1
+3 0 1
+2 0 1
+9 0 1
+4 0 1
+7 0 1
cfn=(190)
calls=1 0x32614e8770 0 
* 0 58
+5 0 1
cfn=(194)
calls=1 0x326141ea20 0 
* 0 2009
+5 0 1
+5 0 1
+5 0 1
+5 0 1
+5 0 1
+4 0 1
+3 0 1
+7 0 1
+10 0 1
+3 0 1
+7 0 1
+4 0 1

fn=(240)
0x326141ebe0 0 1
+5 0 1
+5 0 1
+3 0 1
+5 0 1
+5 0 1
+5 0 1
+7 0 1
+7 0 1
+5 0 1
+4 0 1
+5 0 1
+3 0 1
+14 0 1
+7 0 1
+3 0 1
+2 0 1
+2 0 1
+2 0 1
+2 0 1
+3 0 1
cfn=(242) __cxa_atexit
calls=1 0x3261435ff0 0 
* 0 60
+5 0 1
+7 0 1
+3 0 1
+3 0 1
+6 0 1
+3 0 1
+2 0 1
+7 0 1
+5 0 1
+4 0 1
+3 0 1
cob=(6)
cfi=(6)
cfn=(246)
calls=1 0x4021b0 0 
* 0 54
+2 0 1
+7 0 1
+6 0 1
+2 0 1
+6 0 1
+3 0 1
+6 0 1
+5 0 1
cfn=(268) _setjmp
calls=1 0x32614326d0 0 
* 0 29
+5 0 1
+2 0 1
+2 0 1
+9 0 1
+5 0 1
+9 0 1
+5 0 1
+5 0 1
+9 0 1
+7 0 1
+5 0 1
+4 0 1
+3 0 1
cob=(6)
cfi=(7)
cfn=(274)
calls=1 0x400b74 9 
* 0 63521
+4 0 1
+2 0 1
cfn=(356)
calls=1 0x3261435cc0 0 
* 0 2854
+5 0 1
+2 0 1

fn=(244) __new_exitfn
0x3261435e50 0 1
+1 0 1
+5 0 1
+3 0 1
+2 0 1
+7 0 1
+18 0 1
+7 0 1
+6 0 1
+3 0 1
+3 0 1
+6 0 1
+2 0 1
+1 0 1
+4 0 1
+3 0 1
+65 0 1
+3 0 1
+8 0 1
+3 0 1
+3 0 1
+33 0 1
+7 0 1
+8 0 1
+7 0 1
+17 0 1
+6 0 1
+6 0 1
+3 0 1
+1 0 1
+1 0 1
+3 0 1
+2 0 1
+4 0 1
+8 0 1

fn=(270) __sigsetjmp
0x3261432620 0 1
+3 0 1
+3 0 1
+9 0 1
+4 0 1
+4 0 1
+4 0 1
+4 0 1
+4 0 1
+4 0 1
+5 0 1
+9 0 1
+4 0 1
+4 0 1
+4 0 1
+9 0 1
+4 0 1
+4 0 1
cfn=(272) __sigjmp_save
calls=1 +14 0 
* 0 9

fn=(298) _int_malloc
0x32614791e0 0 1
+2 0 1
+3 0 1
+2 0 1
+2 0 1
+2 0 1
+1 0 1
+1 0 1
+3 0 1
+4 0 1
+4 0 1
+6 0 1
+4 0 1
+6 0 1
+3 0 1
+4 0 1
+4 0 1
+4 0 1
+7 0 1
0x32614792b9 0 1
+4 0 1
+3 0 1
+1 0 1
+1 0 1
+2 0 1
+2 0 1
+2 0 1
+2 0 1
+6 0 1
+7 0 1
+2 0 1
+3 0 1
+4 0 1
+3 0 1
+4 0 1
+4 0 1
+2 0 1
+5 0 1
+4 0 1
+3 0 1
+6 0 1
+3 0 1
0x326147938f 0 1
+3 0 1
+3 0 1
+3 0 1
+4 0 1
+3 0 1
+4 0 1
+5 0 1
+3 0 1
+4 0 1
+4 0 1
+5 0 1
+3 0 1
+3 0 1
+3 0 1
+3 0 1
+4 0 1
+4 0 1
+4 0 1
+4 0 1
+4 0 1
+5 0 1
+5 0 1
+3 0 1
+3 0 1
+5 0 1
+4 0 1
+3 0 1
+4 0 1
+4 0 1
+6 0 1
+4 0 1
+5 0 1
+3 0 1
+3 0 1
+86 0 1
+5 0 1
+3 0 1
0x32614796c0 0 1
+7 0 1
+3 0 1
+6 0 1
+4 0 1
+3 0 1
+3 0 1
+2 0 1
+4 0 1
+3 0 1
+3 0 1
+2 0 1
+2 0 1
+2 0 1
+2 0 1
+7 0 1
+5 0 1
+6 0 1
+2 0 1
+2 0 1
+2 0 1
+2 0 1
+8 0 1
+3 0 1
+3 0 1
-6 0 2
+3 0 2
+3 0 2
+2 0 2
+2 0 2
+7 0 2
+2 0 2
0x3261479790 0 1
+4 0 1
+4 0 1
+3 0 1
+4 0 1
+5 0 1
+6 0 1
+4 0 1
0x326147993d 0 1
+6 0 1
+3 0 1
+2 0 1
0x3261479ada 0 1
+3 0 1
+5 0 1
+5 0 1
cfn=(300)
calls=1 0x3261476110 0 
* 0 670
+5 0 1
+5 0 1
+5 0 1
0x3261479ba3 0 1
+6 0 1
+3 0 1
+7 0 1
+5 0 1
+72 0 1
+7 0 1
+3 0 1
0x3261479cb9 0 1
+7 0 1
+7 0 1
+2 0 1
+7 0 1
+4 0 1
+4 0 1
+5 0 1
+6 0 1
+7 0 1
+2 0 1
+5 0 1
+3 0 1
+3 0 1
+4 0 1
+3 0 1
+4 0 1
+3 0 1
+4 0 1
+4 0 1
+4 0 1
+3 0 1
+4 0 1
+4 0 1
+2 0 1
+3 0 1
0x3261479def 0 1
+5 0 1
0x3261479fd0 0 1
+7 0 1
+5 0 1
+5 0 1
+6 0 1
+3 0 1
+3 0 1
+3 0 1
+4 0 1
+5 0 1
+4 0 1
+3 0 1
+3 0 1
+5 0 1
+3 0 1
+3 0 1
+6 0 1
+7 0 1
+5 0 1
+3 0 1
+5 0 1
cfn=(302) __default_morecore
calls=1 0x326147d910 0 
* 0 61
+2 0 1
+3 0 1
+3 0 1
+5 0 1
+5 0 1
+2 0 1
+7 0 1
+3 0 1
+3 0 1
+14 0 1
+5 0 1
+2 0 1
+8 0 1
+2 0 1
+7 0 1
+3 0 1
+7 0 1
+5 0 1
+3 0 1
+7 0 1
+84 0 1
+4 0 1
+5 0 1
+6 0 1
+2 0 1
+3 0 1
+3 0 1
+3 0 1
+5 0 1
+40 0 1
+3 0 1
+3 0 1
+6 0 1
+3 0 1
+2 0 1
+4 0 1
+5 0 1
+5 0 1
+4 0 1
+7 0 1
+4 0 1
+3 0 1
+5 0 1
+5 0 1
+4 0 1
+3 0 1
cfn=(302)
calls=1 0x326147d910 0 
* 0 27
+3 0 1
+3 0 1
+5 0 1
+5 0 1
+6 0 1
+7 0 1
+3 0 1
+3 0 1
+34 0 1
+3 0 1
+3 0 1
+7 0 1
+3 0 1
+4 0 1
+4 0 1
+7 0 1
+5 0 1
0x326147a2d5 0 1
+2 0 1

fn=(318) open
0x32614db3f0 0 1
+7 0 1
cfn=(320) __open_nocancel
calls=1 +2 0 
* 0 11

fn=(352) write
0x32614db640 0 1
+7 0 1
cfn=(354) __write_nocancel
calls=1 +2 0 
* 0 5

fn=(386) __cxa_finalize
0x32614360a0 0 2
+2 0 2
+2 0 2
+6 0 2
+2 0 2
+3 0 2
+2 0 2
+1 0 2
+3 0 2
+1 0 2
+4 0 2
+7 0 2
+3 0 2
+6 0 2
+6 0 2
+4 0 2
+4 0 2
+4 0 2
+5 0 2
+3 0 2
0x3261436160 0 2
+3 0 2
+3 0 2
+6 0 2
+7 0 2
+3 0 2
+2 0 2
+8 0 2
+4 0 2
+4 0 2
+4 0 2
+5 0 2
+3 0 2
+43 0 2
+3 0 2
+3 0 2
+2 0 2
+3 0 2
+6 0 2
+4 0 2
+3 0 2
+1 0 2
+1 0 2
+2 0 2
+2 0 2
+2 0 2
+2 0 2
cfn=(388)
calls=2 0x32614f8370 0 
* 0 30

fn=(418)
0x3261474f10 0 1
+2 0 1
+2 0 1
+2 0 1
+2 0 1
+1 0 1
+1 0 1
cfn=(420) _IO_flush_all_lockp
calls=1 0x3261473e10 0 
* 0 77
+5 0 1
+7 0 1
+3 0 1
+3 0 1
+6 0 1
+5 0 1
+9 0 1
+2 0 1
+3 0 1
+4 0 1
-9 0 2
+2 0 2
+3 0 2
+4 0 2
+6 0 2
+5 0 2
+3 0 2
+2 0 1
+6 0 1
+2 0 1
0x3261474fd0 0 3
+10 0 3
+4 0 3
+3 0 3
+6 0 1
+1 0 1
+1 0 1
+2 0 1
+3 0 1
+2 0 1
+2 0 1

fn=(144)
0x3261484e80 0 1
+7 0 1
+2 0 1
cfn=(146) __init_cpu_features
calls=1 0x326141f090 0 
* 0 57
+5 0 1
+7 0 1
+10 0 1
+28 0 1

fn=(198) handle_intel
0x3261490750 0 2
+2 0 2
+2 0 2
+6 0 2
+2 0 2
+2 0 2
+1 0 2
+2 0 2
+1 0 2
+4 0 2
+5 0 2
+5 0 2
+5 0 2
+5 0 2
+8 0 2
+5 0 2
+2 0 2
+4 0 2
+4 0 2
+3 0 2
+2 0 2
+3 0 2
+3 0 2
+2 0 2
+2 0 2
cfn=(200) intel_check_word
calls=2 0x32614904c0 0 
* 0 1564
+5 0 2
+3 0 2
+6 0 2
+3 0 2
+3 0 2
+2 0 2
+2 0 2
cfn=(200)
calls=2 0x32614904c0 0 
* 0 194
+5 0 2
+3 0 2
+64 0 2
+3 0 2
+2 0 2
+4 0 2
+39 0 2
+4 0 2
+1 0 2
+1 0 2
+2 0 2
+2 0 2
+2 0 2
+2 0 2

fn=(296) __linkin_atfork
0x32614f8190 0 1
+7 0 1
+3 0 1
+9 0 1
+3 0 1
+8 0 1
+3 0 1
+2 0 1
+3 0 1

fn=(350) _IO_file_write@@GLIBC_2.2.5
0x3261471d10 0 1
+2 0 1
+2 0 1
+3 0 1
+2 0 1
+3 0 1
+1 0 1
+3 0 1
+1 0 1
+3 0 1
+4 0 1
+3 0 1
+5 0 1
+3 0 1
+3 0 1
+5 0 1
+6 0 1
+2 0 1
+5 0 1
+3 0 1
+3 0 1
cfn=(352)
calls=1 0x32614db640 0 
* 0 7
+5 0 1
+3 0 1
+13 0 1
+8 0 1
+3 0 1
+14 0 1
+4 0 1
+1 0 1
+1 0 1
+2 0 1
+2 0 1
+10 0 1
+3 0 1
+3 0 1

fn=(416)
0x326141ea50 0 1
+7 0 1
+1 0 1
+3 0 1
+27 0 1
+1 0 1

fn=(282) __fopen_internal
0x3261467120 0 1
+5 0 1
+5 0 1
+3 0 1
+5 0 1
+5 0 1
+4 0 1
+3 0 1
+5 0 1
+3 0 1
cfn=(286) malloc
calls=1 0x326147a8a0 0 
* 0 60938
+5 0 1
+3 0 1
+3 0 1
+6 0 1
+7 0 1
+7 0 1
+7 0 1
+2 0 1
+2 0 1
+3 0 1
+7 0 1
cfn=(308) _IO_no_init
calls=1 0x3261473c40 0 
* 0 57
+5 0 1
+7 0 1
+3 0 1
+7 0 1
cfn=(312) _IO_file_init@@GLIBC_2.2.5
calls=1 0x32614728c0 0 
* 0 90
+5 0 1
+3 0 1
+3 0 1
+3 0 1
+3 0 1
cfn=(316) _IO_file_fopen@@GLIBC_2.2.5
calls=1 0x3261472af0 0 
* 0 73
+5 0 1
+3 0 1
+39 0 1
+3 0 1
cfn=(326) _IO_un_link
calls=1 0x3261473480 0 
* 0 80
+5 0 1
+3 0 1
cfn=(330) free
calls=1 0x326147b6d0 0 
* 0 122
+5 0 1
+2 0 1
+5 0 1
+5 0 1
+5 0 1
+5 0 1
+4 0 1

fn=(292) getpagesize
0x32614e12e0 0 1
+7 0 1
+4 0 1
+5 0 1
+3 0 1
+3 0 1

fn=(326)
0x3261473480 0 1
+1 0 1
+1 0 1
+3 0 1
+4 0 1
+3 0 1
+6 0 1
+6 0 1
+2 0 1
+6 0 1
+7 0 1
+9 0 1
+4 0 1
+9 0 1
+7 0 1
+2 0 1
+5 0 1
+2 0 1
+7 0 1
+18 0 1
+7 0 1
+6 0 1
+7 0 1
+7 0 1
+7 0 1
+4 0 1
+2 0 1
+7 0 1
+9 0 1
+4 0 1
+2 0 1
+5 0 1
+2 0 1
+7 0 1
+14 0 1
+3 0 1
+6 0 1
+7 0 1
+4 0 1
+4 0 1
+7 0 1
+3 0 1
+2 0 1
+3 0 1
+47 0 1
+6 0 1
+4 0 1
+2 0 1
+7 0 1
+3 0 1
+3 0 1
+2 0 1
+3 0 1
+6 0 1
+6 0 1
+11 0 1
+3 0 1
+2 0 1
+6 0 1
+2 0 1
+11 0 1
+7 0 1
+17 0 1
+6 0 1
+6 0 1
+2 0 1
+29 0 1
+4 0 1
+1 0 1
+1 0 1
+84 0 1
+8 0 1
+7 0 1
+13 0 1
+2 0 1
+6 0 1
+12 0 1
+4 0 1
+7 0 1
+7 0 1

fn=(332) _int_free
0x3261478570 0 1
+2 0 1
+2 0 1
+2 0 1
+3 0 1
+2 0 1
+1 0 1
+1 0 1
+3 0 1
+4 0 1
+4 0 1
+4 0 1
+3 0 1
+4 0 1
+3 0 1
+3 0 1
+3 0 1
+6 0 1
+4 0 1
+6 0 1
+4 0 1
+6 0 1
+7 0 1
0x3261478688 0 1
+2 0 1
+6 0 1
+4 0 1
+3 0 1
+2 0 1
+6 0 1
+4 0 1
+3 0 1
+6 0 1
+5 0 1
+4 0 1
+6 0 1
+5 0 1
+4 0 1
+6 0 1
+4 0 1
+6 0 1
+4 0 1
+7 0 1
+6 0 1
+6 0 1
+2 0 1
+6 0 1
+4 0 1
+70 0 1
+4 0 1
0x32614787df 0 1
+7 0 1
+6 0 1
+5 0 1
+6 0 1
+7 0 1
+3 0 1
0x3261478950 0 1
+5 0 1
+4 0 1
+7 0 1
+16 0 1
+5 0 1
+6 0 1
+3 0 1
+26 0 1
+7 0 1
+4 0 1
+4 0 1
+7 0 1
+6 0 1
+6 0 1
+2 0 1
+3 0 1
+7 0 1
+5 0 1
+3 0 1
+4 0 1
+4 0 1
+3 0 1
0x3261478a40 0 1
+4 0 1
+2 0 1
+6 0 1
+7 0 1
+15 0 1
+4 0 1
+6 0 1
+4 0 1
+1 0 1
+1 0 1
+2 0 1
+2 0 1
+2 0 1
+2 0 1
0x3261478b80 0 1
+3 0 1
+4 0 1
+3 0 1
+4 0 1
+4 0 1
0x3261478f87 0 1
+4 0 1
+7 0 1
+4 0 1
+3 0 1
+3 0 1

fn=(342) _IO_file_overflow@@GLIBC_2.2.5
0x3261472510 0 1
+5 0 1
+5 0 1
+3 0 1
+5 0 1
+4 0 1
+2 0 1
+2 0 1
+2 0 1
+6 0 1
+3 0 1
+19 0 1
+3 0 1
+69 0 1
+5 0 1
+10 0 1
+3 0 1
+6 0 1
+4 0 1
+4 0 1
+2 0 1
+4 0 1
+7 0 1
+3 0 1
+4 0 1
+4 0 1
+2 0 1
+4 0 1
+4 0 1
+3 0 1
+4 0 1
+4 0 1
+19 0 1
+5 0 1
+2 0 1
+4 0 1
+3 0 1
+10 0 1
+3 0 1
+5 0 1
+4 0 1
+5 0 1
+3 0 1
+4 0 1
cfn=(348) _IO_do_write@@GLIBC_2.2.5
calls=1 0x3261473270 0 
* 0 17
0x3261472698 0 1
+3 0 1
cfn=(344)
calls=1 0x3261473a00 0 
* 0 32
+5 0 1
+4 0 1
+2 0 1
+4 0 1
+4 0 1
+4 0 1

fn=(420)
0x3261473e10 0 1
+2 0 1
+2 0 1
+3 0 1
+2 0 1
+2 0 1
+1 0 1
+1 0 1
+2 0 1
+4 0 1
+2 0 1
0x3261473e98 0 1
+7 0 1
+7 0 1
+3 0 1
+3 0 1
+3 0 1
+6 0 1
+2 0 1
0x3261473ff8 0 1
+3 0 1
+29 0 1
+4 0 1
+3 0 1
+1 0 1
+1 0 1
+2 0 1
+2 0 1
+2 0 1
+2 0 1
+14 0 3
+3 0 3
+2 0 2
+3 0 2
+6 0 2
+7 0 2
+2 0 2
-15 0 1
+6 0 1
+7 0 1
+2 0 1
+48 0 3
+3 0 3
+11 0 3
+2 0 3
+4 0 3
+6 0 3
+4 0 3
+4 0 3
+2 0 3

fn=(202) bsearch
0x32614341b0 0 8
+2 0 8
+3 0 8
+2 0 8
+3 0 8
+2 0 8
+2 0 8
+3 0 8
+1 0 8
+3 0 8
+1 0 8
+3 0 8
+4 0 8
+5 0 8
+6 0 46
+3 0 46
+3 0 46
-3 0 8
+3 0 8
+2 0 54
+4 0 54
+3 0 54
+3 0 54
+3 0 54
+4 0 54
+4 0 54
+4 0 54
+3 0 54
cfn=(204)
calls=54 0x3261490330 0 
* 0 378
+4 0 54
+3 0 54
+2 0 8
+2 0 8
+4 0 8
+3 0 8
+2 0 8
+8 0 8
+4 0 8
+4 0 8
+1 0 8
+1 0 8
+2 0 8
+2 0 8
+2 0 8
+2 0 8

fn=(242)
0x3261435ff0 0 1
+5 0 1
+3 0 1
+7 0 1
+5 0 1
+5 0 1
+4 0 1
+3 0 1
+3 0 1
cfn=(244)
calls=1 0x3261435e50 0 
* 0 35
+5 0 1
+3 0 1
+5 0 1
+2 0 1
+9 0 1
+4 0 1
+4 0 1
+4 0 1
+4 0 1
+2 0 1
+7 0 1
+2 0 1
+4 0 1
+5 0 1
+5 0 1
+4 0 1

fn=(268)
0x32614326d0 0 1
+2 0 1
cfn=(270)
calls=1 0x3261432620 0 
* 0 27

fn=(272)
0x3261432680 0 1
+2 0 1
+1 0 1
+3 0 1
+2 0 1
+2 0 1
+2 0 1
+3 0 1
+1 0 1

fn=(290) ptmalloc_init
0x3261476890 0 1
+5 0 1
+5 0 1
+5 0 1
+5 0 1
+5 0 1
+4 0 1
+7 0 1
+3 0 1
+2 0 1
+5 0 1
+5 0 1
+5 0 1
+5 0 1
+5 0 1
+4 0 1
+10 0 1
+10 0 1
+11 0 1
+10 0 1
+11 0 1
+11 0 1
cfn=(292)
calls=1 0x32614e12e0 0 
* 0 6
+5 0 1
+8 0 1
+6 0 1
+7 0 1
+11 0 1
+11 0 1
+10 0 1
+7 0 1
+23 0 1
+7 0 1
+7 0 1
+7 0 1
+10 0 1
+10 0 1
+4 0 1
+7 0 1
+7 0 1
+7 0 1
+7 0 1
+7 0 1
+7 0 1
+7 0 1
+3 0 1
+7 0 1
cfn=(296)
calls=1 0x32614f8190 0 
* 0 9
+5 0 1
+7 0 1
+3 0 1
+7 0 1
+3 0 1
+3 0 1
+2 0 1
+2 0 1
+7 0 1
+4 0 55
+3 0 55
+6 0 55
+4 0 55
+3 0 55
+3 0 55
-6 0 1
+3 0 1
+3 0 1
+2 0 1
+3 0 1
+10 0 1
+7 0 1
+3 0 1
+3 0 1
+4 0 1
+10 0 1
+44 0 1
+5 0 1
+7 0 1
+2 0 1
+3 0 1
cfn=(294)
calls=1 0x3261525eb0 0 
* 0 59427
+5 0 1
+2 0 1
+6 0 1
+5 0 1
+5 0 1
+11 0 4
+4 0 4
+6 0 3
+4 0 3

fn=(302)
0x326147d910 0 2
+4 0 2
cfn=(304)
calls=2 0x32614e0980 0 
* 0 74
+5 0 2
+5 0 2
+4 0 2
+4 0 2
+4 0 2

fn=(348)
0x3261473270 0 1
+5 0 1
+5 0 1
+3 0 1
+5 0 1
+5 0 1
+4 0 1
+3 0 1
+3 0 1
+3 0 1
+2 0 1
+2 0 1
+5 0 1
+5 0 1
+5 0 1
+5 0 1
+4 0 1

fn=(146)
0x326141f090 0 1
+2 0 1
+1 0 1
+2 0 1
+6 0 1
+6 0 1
+6 0 1
+6 0 1
+13 0 1
+6 0 1
+7 0 1
+6 0 1
+1 0 1
+2 0 1
+6 0 1
+2 0 1
+6 0 1
+5 0 1
+2 0 1
+6 0 1
+2 0 1
+2 0 1
+3 0 1
+6 0 1
+3 0 1
+2 0 1
+4 0 1
+6 0 1
+3 0 1
+3 0 1
+2 0 1
+3 0 1
+4 0 1
+6 0 1
+3 0 1
+6 0 1
+6 0 1
+6 0 1
+3 0 1
0x326141f1b0 0 1
+3 0 1
+4 0 1
+2 0 1
+6 0 1
+6 0 1
+3 0 1
+5 0 1
+6 0 1
+45 0 1
+6 0 1
+3 0 1
+10 0 1
+3 0 1
+3 0 1
+2 0 1
+10 0 1
+3 0 1

fn=(192)
0x3261482df0 0 1
+4 0 1
+3 0 1
+4 0 1
+4 0 1
+4 0 1
+4 0 1
+3 0 1
+4 0 1
+5 0 1
+3 0 1
+4 0 1
+4 0 1
+4 0 1
+4 0 1
+2 0 1
+4 0 1
+4 0 1
+2 0 1
+2 0 1
+2 0 1
+2 0 1
+2 0 1
+36 0 1
+4 0 1
+6 0 1
+5 0 1
+14 0 1
+3 0 1
+3 0 1
+3 0 1
+3 0 1
+2 0 1
+5 0 1

fn=(200)
0x32614904c0 0 4
+2 0 4
+3 0 4
+2 0 4
+3 0 4
+2 0 4
+3 0 4
+2 0 4
+1 0 4
+1 0 4
+2 0 4
+4 0 4
+3 0 4
+6 0 4
+6 0 4
+7 0 4
+5 0 4
+2 0 4
+3 0 4
+2 0 4
+2 0 4
+3 0 4
+8 0 10
+5 0 10
+6 0 8
+3 0 8
+30 0 8
+7 0 8
+7 0 8
+5 0 8
+5 0 8
+3 0 8
+3 0 8
cfn=(202)
calls=8 0x32614341b0 0 
* 0 1350
+5 0 8
+3 0 8
+22 0 8
+3 0 8
+2 0 8
+2 0 10
+3 0 10
+3 0 10
+19 0 2
+2 0 2
+4 0 2
+1 0 2
+1 0 2
+2 0 2
+2 0 2
+2 0 2
+2 0 2
-14 0 2
+4 0 2
+1 0 2
+1 0 2
+2 0 2
+2 0 2
+2 0 2
+2 0 2
+32 0 2
+2 0 2
+2 0 2
+2 0 2
+2 0 2
+2 0 2
+2 0 2
+3 0 2
+2 0 2
+2 0 2
+6 0 2
+3 0 2
+6 0 1
+2 0 1
+5 0 1
+7 0 3
+3 0 3
+6 0 2
+3 0 2
+6 0 3
+3 0 3
+2 0 3
+2 0 3
+2 0 3
+2 0 3
+2 0 3
+2 0 3
+6 0 4
+3 0 4
+3 0 4
+3 0 4
+2 0 1
+3 0 1
+2 0 2
+7 0 2
+3 0 2
+66 0 2
+2 0 2
+2 0 2
+3 0 2
+3 0 2
+6 0 2
+3 0 2
+3 0 2
+3 0 2
+6 0 2
+3 0 2
+3 0 2
+3 0 2
+3 0 2
+5 0 1
+3 0 1
+6 0 1
+58 0 1
+2 0 1
+5 0 1
+3 0 1
+3 0 1
+3 0 1
+2 0 1
+3 0 1

fn=(280)
0x3261467200 0 1
+5 0 1
cfn=(282)
calls=1 0x3261467120 0 
* 0 61403

fn=(286)
0x326147a8a0 0 1
+5 0 1
+5 0 1
+3 0 1
+5 0 1
+4 0 1
+7 0 1
+3 0 1
+3 0 1
0x326147aa92 0 1
+5 0 1
+4 0 1
+5 0 1
+5 0 1
+4 0 1
cfn=(288) malloc_hook_ini
calls=1 +7 0 
* 0 60923

fn=(287) malloc'2
0x326147a8a0 0 1
+5 0 1
+5 0 1
+3 0 1
+5 0 1
+4 0 1
+7 0 1
+3 0 1
+3 0 1
+6 0 1
+7 0 1
+4 0 1
+3 0 1
+6 0 1
+5 0 1
+2 0 1
+7 0 1
+16 0 1
+5 0 1

ob=(2)
fl=(2)
fn=(372)
0x4801708 0 1
+4 0 1
cob=(4) /usr/lib64/valgrind/vgpreload_core-amd64-linux.so
cfi=(4) ???
cfn=(374) 0x00000000000004b0
calls=1 0x4b0 0 
* 0 858
+5 0 1
+4 0 1

fn=(206)
0x3261803d90 0 1
+4 0 1
cob=(5) /lib64/libm-2.12.so
cfi=(5) ???
cfn=(208) 0x0000003261803e70
calls=1 0x3261803e70 0 
* 0 6
+5 0 1
cob=(5)
cfi=(5)
cfn=(214) 0x0000003261803f10
calls=1 0x3261803f10 0 
* 0 6
+5 0 1
cob=(5)
cfi=(5)
cfn=(220) 0x0000003261843e90
calls=1 0x3261843e90 0 
* 0 11
+5 0 1
+4 0 1

fn=(166)
0x4801448 0 1
+4 0 1
cob=(4)
cfi=(4)
cfn=(168) 0x0000000000000490
calls=1 0x490 0 
* 0 6
+5 0 1
cob=(4)
cfi=(4)
cfn=(174) 0x0000000000000530
calls=1 0x530 0 
* 0 6
+5 0 1
cob=(4)
cfi=(4)
cfn=(180) 0x00000000000006d0
calls=1 0x6d0 0 
* 0 11
+5 0 1
+4 0 1

fn=(248)
0x400930 0 1
+4 0 1
cob=(6)
cfi=(6)
cfn=(250)
calls=1 0x400abc 0 
* 0 6
+5 0 1
cob=(6)
cfi=(6)
cfn=(256)
calls=1 0x400b50 0 
* 0 6
+5 0 1
cob=(6)
cfi=(6)
cfn=(262)
calls=1 0x402240 0 
* 0 11
+5 0 1
+4 0 1

ob=(3)
fl=(3)
fn=(287)
0x326147a906 0 1
+3 0 1
+3 0 1
cfn=(298)
calls=1 0x32614791e0 0 
* 0 1018
+5 0 1
+3 0 1
+3 0 1
+2 0 1
+7 0 1
+15 0 1
+4 0 1
+6 0 1
+3 0 1
+5 0 1
+4 0 1
+5 0 1
+4 0 1

fn=(288)
0x326147aab0 0 1
+7 0 1
+1 0 1
+3 0 1
+7 0 1
cfn=(290)
calls=1 0x3261476890 0 
* 0 59862
+5 0 1
+3 0 1
+1 0 1
cfn=(287)
calls=1 0x326147a8a0 0 
* 0 1053

fn=(312)
0x32614728c0 0 1
+5 0 1
+5 0 1
+4 0 1
+6 0 1
+7 0 1
+3 0 1
+7 0 1
cfn=(314) _IO_link_in
calls=1 0x32614736d0 0 
* 0 77
+5 0 1
+3 0 1
+5 0 1
+5 0 1
+4 0 1

fn=(314)
0x32614736d0 0 1
+1 0 1
+1 0 1
+3 0 1
+4 0 1
+2 0 1
+2 0 1
+6 0 1
+6 0 1
+2 0 1
+2 0 1
+2 0 1
+6 0 1
+7 0 1
+9 0 1
+4 0 1
+9 0 1
+7 0 1
+2 0 1
+5 0 1
+2 0 1
+7 0 1
+18 0 1
+7 0 1
+6 0 1
+7 0 1
+7 0 1
+7 0 1
+4 0 1
+2 0 1
+7 0 1
+9 0 1
+4 0 1
+2 0 1
+5 0 1
+2 0 1
+7 0 1
+14 0 1
+3 0 1
+6 0 1
+7 0 1
+4 0 1
+4 0 1
+7 0 1
+4 0 1
+7 0 1
+7 0 1
+4 0 1
+2 0 1
+7 0 1
+3 0 1
+3 0 1
+2 0 1
+3 0 1
+6 0 1
+6 0 1
+11 0 1
+3 0 1
+2 0 1
+6 0 1
+2 0 1
+11 0 1
+7 0 1
+17 0 1
+6 0 1
+6 0 1
+2 0 1
+29 0 1
+4 0 1
+1 0 1
+1 0 1
+58 0 1
+8 0 1
+7 0 1
+13 0 1
+2 0 1
+6 0 1

fn=(320)
0x32614db3f9 0 1
+5 0 1
+2 0 1
+6 0 1
+50 0 1
+1 0 1
+7 0 1
+2 0 1
+3 0 1
+3 0 1
+4 0 1

fn=(340) _IO_file_xsputn@@GLIBC_2.2.5
0x3261471960 0 1
+5 0 1
+5 0 1
+2 0 1
+5 0 1
+5 0 1
+3 0 1
+5 0 1
+5 0 1
+4 0 1
+3 0 1
+3 0 1
+3 0 1
+6 0 1
+2 0 1
+3 0 1
+5 0 1
+5 0 1
+6 0 1
+4 0 1
+4 0 1
+3 0 1
+3 0 1
+2 0 1
+7 0 1
+5 0 1
+3 0 1
cfn=(342)
calls=1 0x3261472510 0 
* 0 101
+3 0 1
+3 0 1
+6 0 1
+4 0 1
+4 0 1
+2 0 1
+4 0 1
+10 0 1
+3 0 1
+3 0 1
+6 0 1
+3 0 1
0x3261471adb 0 1
+3 0 1
+3 0 1
+5 0 1
+5 0 1
+5 0 1
+5 0 1
+5 0 1
+5 0 1
+4 0 1
0x3261471bf0 0 1
+3 0 1
+3 0 1
+17 0 1
+7 0 1
+3 0 1
+3 0 1
+3 0 1
cfn=(350)
calls=1 0x3261471d10 0 
* 0 42
+3 0 1
+3 0 1
+7 0 1
+3 0 1
+6 0 1
+6 0 1
+4 0 1
+2 0 1
+4 0 1
+4 0 1
+4 0 1
+4 0 1
+4 0 1
+10 0 1
+3 0 1
+3 0 1
+4 0 1
+31 0 1
+4 0 1
+4 0 1
+3 0 1
+52 0 1
+3 0 1
+38 0 1
+7 0 1

fn=(354)
0x32614db649 0 1
+5 0 1
+2 0 1
+6 0 1
+2 0 1

fn=(196)
0x3261490840 0 1
+5 0 1
+5 0 1
+5 0 1
+4 0 1
+6 0 1
+2 0 1
+2 0 1
+3 0 1
+11 0 1
+4 0 1
+5 0 1
+5 0 1
+4 0 1
+19 0 1
+6 0 1
+5 0 1
cfn=(198)
calls=1 0x3261490750 0 
* 0 900
+5 0 1
+6 0 1
+5 0 1
+3 0 1
cfn=(198)
calls=1 0x3261490750 0 
* 0 950
+5 0 1
+3 0 1
+3 0 1
+6 0 1
+6 0 1
+7 0 1
+7 0 1
+4 0 1
+6 0 1
+2 0 1
+6 0 1
+3 0 1
+2 0 1
+3 0 1
+3 0 1
+2 0 1
+2 0 1
-12 0 3
+2 0 3
+3 0 3
+3 0 3
+2 0 3
+2 0 3
+6 0 4
+2 0 4
+3 0 4
+3 0 4
+3 0 4
+2 0 1
+3 0 1
+6 0 1
+3 0 1
+7 0 1
+2 0 1
+2 0 1
+4 0 1
+6 0 1
+16 0 1
+3 0 1
+5 0 1
+3 0 1
+2 0 1
+7 0 1
+4 0 1
+3 0 1
+7 0 1
+3 0 1
+7 0 1
+3 0 1
+6 0 1
+7 0 1
+4 0 1
+3 0 1
+7 0 1
+3 0 1
+7 0 1
+12 0 1
+3 0 1
+3 0 1
+3 0 1
+4 0 1
+3 0 1
+3 0 1
0x3261490a56 0 1
+2 0 1
+6 0 1
+66 0 2
+2 0 2
+3 0 2
+3 0 2
+2 0 2
+6 0 2
+6 0 2
+6 0 2
+2 0 2
+6 0 2
+6 0 2
+2 0 1
+4 0 1
+6 0 1
+3 0 1
+3 0 1
+3 0 1
+3 0 1
+3 0 1
+4 0 1
+3 0 1

fn=(308)
0x3261473c40 0 1
+5 0 1
+5 0 1
+2 0 1
+5 0 1
+5 0 1
+4 0 1
+3 0 1
+3 0 1
+3 0 1
cfn=(310) _IO_old_init
calls=1 0x3261473b90 0 
* 0 24
+5 0 1
+2 0 1
+6 0 1
+2 0 1
+7 0 1
+9 0 1
+9 0 1
+9 0 1
+8 0 1
+9 0 1
+9 0 1
+9 0 1
+9 0 1
+9 0 1
+9 0 1
+9 0 1
+8 0 1
+11 0 1
+5 0 1
+5 0 1
+5 0 1
+5 0 1
+4 0 1

fn=(310)
0x3261473b90 0 1
+7 0 1
+6 0 1
+7 0 1
+2 0 1
+8 0 1
+8 0 1
+8 0 1
+3 0 1
+8 0 1
+8 0 1
+8 0 1
+8 0 1
+8 0 1
+8 0 1
+8 0 1
+8 0 1
+8 0 1
+8 0 1
+9 0 1
+2 0 1
+6 0 1
+7 0 1
+8 0 1

fn=(316)
0x3261472af0 0 1
+1 0 1
+3 0 1
+2 0 1
+2 0 1
+2 0 1
+1 0 1
+3 0 1
+3 0 1
+4 0 1
+4 0 1
+2 0 1
+2 0 1
+4 0 1
+1 0 1
+2 0 1
+2 0 1
+2 0 1
+1 0 1
+7 0 1
+3 0 1
+2 0 1
+59 0 1
+4 0 1
+4 0 1
+4 0 1
+3 0 1
+3 0 1
+6 0 1
+2 0 1
+3 0 1
+72 0 1
+5 0 1
+4 0 1
+3 0 1
+6 0 1
+2 0 1
+3 0 1
+6 0 1
+6 0 1
+2 0 1
+6 0 1
+32 0 1
+6 0 1
+2 0 1
+2 0 1
0x3261472d58 0 1
+2 0 1
+3 0 1
+6 0 1
+5 0 1
+2 0 1
cfn=(318)
calls=1 0x32614db3f0 0 
* 0 13
+5 0 1
+3 0 1
+3 0 1
0x3261472fb0 0 1
+4 0 1
+3 0 1
0x326147316a 0 1
+3 0 1

fn=(330)
0x326147b6d0 0 1
+7 0 1
+3 0 1
+3 0 1
+6 0 1
+3 0 1
+6 0 1
+4 0 1
+4 0 1
+2 0 1
+2 0 1
+2 0 1
+7 0 1
+14 0 1
+2 0 1
cfn=(332)
calls=1 0x3261478570 0 
* 0 107

fn=(338)
0x3261467bc0 0 1
+5 0 1
+3 0 1
+5 0 1
+4 0 1
+5 0 1
+5 0 1
+4 0 1
+3 0 1
+3 0 1
+3 0 1
+3 0 1
+3 0 1
+6 0 1
+4 0 1
+2 0 1
+7 0 1
+9 0 1
+4 0 1
+2 0 1
+5 0 1
+2 0 1
+7 0 1
+14 0 1
+3 0 1
+6 0 1
+7 0 1
+4 0 1
+4 0 1
+6 0 1
+2 0 1
+11 0 1
+4 0 1
+2 0 1
+7 0 1
+3 0 1
+3 0 1
+2 0 1
+3 0 1
+9 0 1
+3 0 1
+18 0 1
+3 0 1
+5 0 1
+5 0 1
+5 0 1
+5 0 1
+4 0 1
+8 0 1
+10 0 1
+7 0 1
+3 0 1
+3 0 1
+3 0 1
cfn=(340)
calls=1 0x3261471960 0 
* 0 225
+3 0 1
+4 0 1
+3 0 1
+4 0 1
+16 0 1
+8 0 1
+7 0 1
+9 0 1
+2 0 1
+2 0 1

ob=(5)
fl=(5)
fn=(214)
0x3261803f10 0 1
+8 0 1
+1 0 1
+3 0 1
+28 0 1
+1 0 1

fn=(208)
0x3261803e70 0 1
+4 0 1
+7 0 1
+3 0 1
+4 0 1
+4 0 1

fn=(220)
0x3261843e90 0 1
+1 0 1
+3 0 1
+1 0 1
+4 0 1
+7 0 1
+4 0 1
+27 0 1
+4 0 1
+1 0 1
+1 0 1

fn=(398) 0x0000003261803e90
0x3261803e90 0 1
+1 0 1
+7 0 1
+3 0 1
+2 0 1
+1 0 1
+2 0 1
+8 0 1
+2 0 1
+7 0 1
cob=(3)
cfi=(3)
cfn=(386)
calls=1 0x32614360a0 0 
* 0 62
cob=(1)
cfi=(1)
cfn=(236)
calls=1 0x3261014660 0 
* 0 1046
+5 0 1
+7 0 1
+7 0 1
+7 0 1
+3 0 1
+4 0 1
+4 0 1
+3 0 1
+34 0 1
+7 0 1
+1 0 1
+2 0 1
+1 0 1

ob=(2)
fl=(2)
fn=(362)
0x402278 0 1
+4 0 1
cob=(6)
cfi=(6)
cfn=(364)
calls=1 0x400ae0 0 
* 0 18
+5 0 1
+4 0 1

fn=(396)
0x3261843ec8 0 1
+4 0 1
cob=(5)
cfi=(5)
cfn=(398)
calls=1 0x3261803e90 0 
* 0 1131
+5 0 1
+4 0 1

ob=(4)
fl=(4)
fn=(374)
0x4b0 0 1
+1 0 1
+7 0 1
+3 0 1
+2 0 1
+1 0 1
+2 0 1
+8 0 1
+2 0 1
+7 0 1
cob=(3)
cfi=(3)
cfn=(386)
calls=1 0x32614360a0 0 
* 0 62
cob=(1)
cfi=(1)
cfn=(236)
calls=1 0x3261014660 0 
* 0 773
+5 0 1
+7 0 1
+7 0 1
+7 0 1
+3 0 1
+4 0 1
+4 0 1
+3 0 1
+34 0 1
+7 0 1
+1 0 1
+2 0 1
+1 0 1

fn=(174)
0x530 0 1
+8 0 1
+1 0 1
+3 0 1
+28 0 1
+1 0 1

fn=(168)
0x490 0 1
+4 0 1
+7 0 1
+3 0 1
+4 0 1
+4 0 1

fn=(180)
0x6d0 0 1
+1 0 1
+3 0 1
+1 0 1
+4 0 1
+7 0 1
+4 0 1
+27 0 1
+4 0 1
+1 0 1
+1 0 1

totals: 174500
